######################### ARCH(60) ##################################
q=20		
nQMLE		        BIC = 3426.345
 [1] 0.160382247 0.096099809 0.082215157 0.066653806 0.067552407
 [6] 0.066519538 0.069066170 0.056361018 0.068589397 0.024393147
[11] 0.005081216 0.040636073 0.000000000 0.038507994 0.008203775
[16] 0.014138003 0.000000000 0.023633197 0.023411242 0.029325826
[21] 0.014726042
		
A.LASSO + BIC		BIC=3166.029
[1] 0.27390973 0.09099177 0.07723618 0.05740113 0.06646937 0.05181589		
 [7] 0.07217870 0.04402545 0.05654807 0.00000000 0.00000000 0.02538939		
[13] 0.00000000 0.02162447 0.00000000 0.00000000 0.00000000 0.00000000		
[19] 0.00000000 0.00000000 0.00000000		


q=40		
nQMLE		        BIC = 3726.806
 [1] 0.104005942 0.103058964 0.094120226 0.054987915 0.060863482
 [6] 0.051694361 0.040339183 0.034627291 0.063517378 0.019874497
[11] 0.010816559 0.038561245 0.000000000 0.030828033 0.003332877
[16] 0.014119410 0.000000000 0.014733808 0.011669853 0.016385841
[21] 0.003386855 0.001796310 0.000000000 0.000000000 0.028706063
[26] 0.018719137 0.014315194 0.000000000 0.000000000 0.036886576
[31] 0.000000000 0.000000000 0.021613278 0.000000000 0.000000000
[36] 0.044983690 0.008588045 0.022414078 0.000000000 0.000000000
[41] 0.000000000


A.LASSO + BIC		BIC=3286.635
 [1] 0.311410743 0.092737549 0.090336884 0.054708580 0.062754667
 [6] 0.027745652 0.024195944 0.008650241 0.054548967 0.000000000
[11] 0.000000000 0.017878267 0.000000000 0.006305304 0.000000000
[16] 0.000000000 0.000000000 0.000000000 0.000000000 0.000000000
[21] 0.000000000 0.000000000 0.000000000 0.000000000 0.000000000
[26] 0.000000000 0.000000000 0.000000000 0.000000000 0.017449846
[31] 0.000000000 0.000000000 0.000000000 0.000000000 0.000000000
[36] 0.018926858 0.000000000 0.000000000 0.000000000 0.000000000
[41] 0.000000000

q=60		
nQMLE		        BIC = 


A.LASSO + BIC		BIC=3260.49
 [1] 0.24395750 0.10464806 0.09413621 0.06881686 0.06718095 0.04786843
 [7] 0.02664821 0.02045897 0.06605507 0.00000000 0.00000000 0.01394302
[13] 0.00000000 0.01892877 0.00000000 0.00000000 0.00000000 0.00000000
[19] 0.00000000 0.00000000 0.00000000 0.00000000 0.00000000 0.00000000
[25] 0.00000000 0.00000000 0.00000000 0.00000000 0.00000000 0.01708695
[31] 0.00000000 0.00000000 0.01080173 0.00000000 0.00000000 0.03616926
[37] 0.00000000 0.00000000 0.00000000 0.00000000 0.00000000 0.00000000
[43] 0.00000000 0.00000000 0.00000000 0.00000000 0.00000000 0.00000000
[49] 0.00000000 0.00000000 0.00000000 0.00000000 0.00000000 0.00000000
[55] 0.00000000 0.00000000 0.00000000 0.00000000 0.00000000 0.00000000
[61] 0.00000000


############################## GARCH(3,3) ##############################
q=3, s=3		
nQMLE		        BIC = 2958.885
[1] 0.018258059 0.112081806 0.000000000 0.000000000 0.755506649
[6] 0.001829342 0.108512089

A.LASSO + BIC		BIC=2889.93
[1] 0.01622283 0.09341410 0.00000000 0.00000000 0.88627099 0.00000000
[7] 0.00000000