n=
600
Replication=
1000
[[1]]
[[1]][[1]]
[1] "#### TIME TO FINISH SIMULATION STUDY ####"

[[1]]$`Simulation time`
Time difference of 6.76474 days

[[1]][[3]]
[1] "#### RESULT: FULL QMLE ####"

[[1]][[4]]
[1] "## COUNT NON-ZERO FOR FULL QMLE ##"

[[1]]$Minimum
[1] 4

[[1]]$Maximum
[1] 11

[[1]]$Average
[1] 7

[[1]]$Mode
[1] 6

[[1]]$Bias
[1] -2.655

[[1]]$ESD
[1] 2.897413

[[1]]$`Pick All Relevant`
pickAllSigfull
  0   1 
842 158 

[[1]]$`Is Correct model??`
isTRUEinfull
   0 
1000 

[[1]][[13]]
[1] "## PARAMETER ESTIMATES: FULL QMLE ##"

[[1]]$`Est. Avg. Full`
 [1] 0.01876975 0.29273328 0.02402787 0.01252962
 [5] 0.11213388 0.02052770 0.01048354 0.19266133
 [9] 0.06951873 0.03338565 0.13201508

[[1]]$`Est. Min. Full`
 [1] 0.002767704 0.039313083 0.000000000 0.000000000
 [5] 0.000000000 0.000000000 0.000000000 0.000000000
 [9] 0.000000000 0.000000000 0.000000000

[[1]]$`Est. Med. Full`
 [1] 0.01699098 0.29268437 0.00813954 0.00000000
 [5] 0.10777654 0.00000000 0.00000000 0.18238173
 [9] 0.03889852 0.00000000 0.12212291

[[1]]$`Est. Max. Full`
 [1] 0.06854925 0.51364839 0.19178949 0.17547029
 [5] 0.35567289 0.42575013 0.44934805 0.67335374
 [9] 0.53703665 0.45185159 0.47899876

[[1]]$`Est. Bias Full`
 [1]  0.008769745 -0.007266720  0.024027874  0.012529622
 [5]  0.112133881 -0.079472302  0.010483543 -0.357338669
 [9]  0.069518734  0.033385650  0.132015076

[[1]]$`Est. ESD Full`
 [1] 0.01241951 0.07389746 0.04033468 0.02771981
 [5] 0.13236542 0.09603256 0.04343108 0.39974076
 [9] 0.11082181 0.07531111 0.17816230

[[1]]$`Est. propo Full`
 [1] 1.000 1.000 0.568 0.365 0.928 0.233 0.128 0.687
 [9] 0.630 0.372 0.744

[[1]][[21]]
[1] "#### RESULT: ADAPTIVE LASSO ####"

[[1]][[22]]
[1] "## COUNT NON-ZERO FOR ADAPTIVE LASSO ##"

[[1]]$Minimum
[1] 1

[[1]]$Maximum
[1] 6

[[1]]$Average
[1] 4

[[1]]$Mode
[1] 4

[[1]]$Bias
[1] 0.425

[[1]]$ESD
[1] 0.9332738

[[1]]$`Pick All Relevant`
pickAllSigadaplasso
  0   1 
986  14 

[[1]]$`Is Correct model??`
isTRUEinadaplasso
  0   1 
995   5 

[[1]][[31]]
[1] "## PARAMETER ESTIMATES: ADAPTIVE LASSO ##"

[[1]]$`Est. Avg. A.LASSO`
 [1] 0.041418439 0.280906361 0.005928030 0.002086378
 [5] 0.069029428 0.008103650 0.003182797 0.224366549
 [9] 0.027780774 0.014009440 0.077926984

[[1]]$`Est. Min. A.LASSO`
 [1] 0.003980182 0.000000000 0.000000000 0.000000000
 [5] 0.000000000 0.000000000 0.000000000 0.000000000
 [9] 0.000000000 0.000000000 0.000000000

[[1]]$`Est. Med. A.LASSO`
 [1] 0.02677635 0.28765446 0.00000000 0.00000000
 [5] 0.00000000 0.00000000 0.00000000 0.00000000
 [9] 0.00000000 0.00000000 0.00000000

[[1]]$`Est. Max. A.LASSO`
 [1] 0.2507254 0.5573972 0.1452044 0.1682969 0.3537726
 [6] 0.7983626 0.7690818 0.8104237 0.6533978 0.5776110
[11] 0.5456476

[[1]]$`Est. Bias A.LASSO`
 [1]  0.031418439 -0.019093639  0.005928030  0.002086378
 [5]  0.069029428 -0.091896350  0.003182797 -0.325633451
 [9]  0.027780774  0.014009440  0.077926984

[[1]]$`Est. ESD A.LASSO`
 [1] 0.04635870 0.09253545 0.02273691 0.01435371
 [5] 0.10798214 0.10984475 0.04107832 0.42341356
 [9] 0.09066715 0.06483902 0.15858082

[[1]]$`Est. propo A.LASSO`
 [1] 1.000 0.987 0.080 0.029 0.497 0.036 0.008 0.440
 [9] 0.146 0.066 0.286


