n=
600
Replication=
1000
[[1]]
[[1]][[1]]
[1] "#### TIME TO FINISH SIMULATION STUDY ####"

[[1]]$`Simulation time`
Time difference of 25.65068 days

[[1]][[3]]
[1] "#### RESULT: FULL QMLE ####"

[[1]][[4]]
[1] "## COUNT NON-ZERO FOR FULL QMLE ##"

[[1]]$Minimum
[1] 7

[[1]]$Maximum
[1] 24

[[1]]$Average
[1] 14

[[1]]$Mode
[1] 14

[[1]]$Bias
[1] -2654.333

[[1]]$ESD
[1] 153.472

[[1]]$`Pick All Relevant`
pickAllSigfull
  0   1 
151 849 

[[1]]$`Is Correct model??`
isTRUEinfull
   0 
1000 

[[1]][[13]]
[1] "## PARAMETER ESTIMATES: FULL QMLE ##"

[[1]]$`Est. Avg. Full`
 [1] 0.0028429937 0.0740484753 0.0000000000 0.0000000000 0.2751088240 0.0000000000 0.1486493313
 [8] 0.0039944605 0.0294636544 0.0000000000 0.1655897041 0.0033286987 0.1284869030 0.0151018279
[15] 0.0000000000 0.0000000000 0.0000000000 0.0000000000 0.0000000000 0.0000000000 0.0086352468
[22] 0.0000000000 0.0000000000 0.0170835967 0.0021432609 0.0148819918 0.0000000000 0.0000000000
[29] 0.0000000000 0.0013370860 0.0000000000 0.0023031506 0.0152557962 0.0000000000 0.0000000000
[36] 0.0041050472 0.0000000000 0.0000000000 0.0000000000 0.0000000000 0.0037151201 0.0025891008
[43] 0.0063845432 0.0206254766 0.0000000000 0.0108398167 0.0042953431 0.0033913546 0.0229952567
[50] 0.0009501312 0.0031025011

[[1]]$`Est. Min. Full`
 [1] 0.00000000 0.02402118 0.00000000 0.00000000 0.18804793 0.00000000 0.12113568 0.00000000 0.00000000
[10] 0.00000000 0.15456832 0.00000000 0.09224615 0.00000000 0.00000000 0.00000000 0.00000000 0.00000000
[19] 0.00000000 0.00000000 0.00000000 0.00000000 0.00000000 0.00000000 0.00000000 0.00000000 0.00000000
[28] 0.00000000 0.00000000 0.00000000 0.00000000 0.00000000 0.00000000 0.00000000 0.00000000 0.00000000
[37] 0.00000000 0.00000000 0.00000000 0.00000000 0.00000000 0.00000000 0.00000000 0.00000000 0.00000000
[46] 0.00000000 0.00000000 0.00000000 0.00000000 0.00000000 0.00000000

[[1]]$`Est. Med. Full`
 [1] 0.003946515 0.031672465 0.000000000 0.000000000 0.273737837 0.000000000 0.149344558 0.000000000
 [9] 0.000000000 0.000000000 0.158211391 0.000000000 0.092749244 0.007456642 0.000000000 0.000000000
[17] 0.000000000 0.000000000 0.000000000 0.000000000 0.000000000 0.000000000 0.000000000 0.000000000
[25] 0.000000000 0.000000000 0.000000000 0.000000000 0.000000000 0.000000000 0.000000000 0.001018457
[33] 0.000000000 0.000000000 0.000000000 0.002945770 0.000000000 0.000000000 0.000000000 0.000000000
[41] 0.000000000 0.000000000 0.006511313 0.000000000 0.000000000 0.010724022 0.000000000 0.000000000
[49] 0.000000000 0.000000000 0.000000000

[[1]]$`Est. Max. Full`
 [1] 0.004582466 0.166451783 0.000000000 0.000000000 0.363540705 0.000000000 0.175467754 0.011983381
 [9] 0.088390963 0.000000000 0.183989406 0.009986096 0.200465315 0.037848842 0.000000000 0.000000000
[17] 0.000000000 0.000000000 0.000000000 0.000000000 0.025905740 0.000000000 0.000000000 0.051250790
[25] 0.006429783 0.044645975 0.000000000 0.000000000 0.000000000 0.004011258 0.000000000 0.005890994
[33] 0.045767389 0.000000000 0.000000000 0.009369372 0.000000000 0.000000000 0.000000000 0.000000000
[41] 0.011145360 0.007767302 0.012642316 0.061876430 0.000000000 0.021795428 0.012886029 0.010174064
[49] 0.068985770 0.002850394 0.009307503

[[1]]$`Est. Bias Full`
 [1] -0.0071570063 -0.0759515247  0.0000000000  0.0000000000 -0.0248911760  0.0000000000 -0.0513506687
 [8]  0.0039944605  0.0294636544  0.0000000000  0.0155897041  0.0033286987 -0.0615130970  0.0151018279
[15]  0.0000000000  0.0000000000  0.0000000000  0.0000000000  0.0000000000  0.0000000000  0.0086352468
[22]  0.0000000000  0.0000000000  0.0170835967  0.0021432609  0.0148819918  0.0000000000  0.0000000000
[29]  0.0000000000  0.0013370860  0.0000000000  0.0023031506  0.0152557962  0.0000000000  0.0000000000
[36]  0.0041050472  0.0000000000  0.0000000000  0.0000000000  0.0000000000  0.0037151201  0.0025891008
[43]  0.0063845432  0.0206254766  0.0000000000  0.0108398167  0.0042953431  0.0033913546  0.0229952567
[50]  0.0009501312  0.0031025011

[[1]]$`Est. ESD Full`
 [1] 0.007438511 0.100237602 0.000000000 0.000000000 0.075851584 0.000000000 0.055938614 0.006918609
 [9] 0.051032546 0.000000000 0.020359897 0.005765475 0.079839522 0.022272078 0.000000000 0.000000000
[17] 0.000000000 0.000000000 0.000000000 0.000000000 0.014956686 0.000000000 0.000000000 0.029589657
[25] 0.003712237 0.025776366 0.000000000 0.000000000 0.000000000 0.002315901 0.000000000 0.003451621
[33] 0.026423814 0.000000000 0.000000000 0.005670470 0.000000000 0.000000000 0.000000000 0.000000000
[41] 0.006434777 0.004484454 0.008210265 0.035724373 0.000000000 0.014024328 0.007439752 0.005873999
[49] 0.039828953 0.001645676 0.005373689

[[1]]$`Est. propo Full`
 [1] 0.6666667 1.0000000 0.0000000 0.0000000 1.0000000 0.0000000 1.0000000 0.3333333 0.3333333 0.0000000
[11] 1.0000000 0.3333333 1.0000000 0.6666667 0.0000000 0.0000000 0.0000000 0.0000000 0.0000000 0.0000000
[21] 0.3333333 0.0000000 0.0000000 0.3333333 0.3333333 0.3333333 0.0000000 0.0000000 0.0000000 0.3333333
[31] 0.0000000 0.6666667 0.3333333 0.0000000 0.0000000 0.6666667 0.0000000 0.0000000 0.0000000 0.0000000
[41] 0.3333333 0.3333333 0.6666667 0.3333333 0.0000000 0.6666667 0.3333333 0.3333333 0.3333333 0.3333333
[51] 0.3333333

[[1]][[21]]
[1] "#### RESULT: ADAPTIVE LASSO ####"

[[1]][[22]]
[1] "## COUNT NON-ZERO FOR ADAPTIVE LASSO ##"

[[1]]$Minimum
[1] 0

[[1]]$Maximum
[1] 10

[[1]]$Average
[1] 5

[[1]]$Mode
[1] 6

[[1]]$Bias
[1] 247

[[1]]$ESD
[1] 40.53394

[[1]]$`Pick All Relevant`
pickAllSigadaplasso
  0   1 
387 613 

[[1]]$`Is Correct model??`
isTRUEinadaplasso
  0   1 
533 467 

[[1]][[31]]
[1] "## PARAMETER ESTIMATES: ADAPTIVE LASSO ##"

[[1]]$`Est. Avg. A.LASSO`
 [1] 0.01337562 0.05225226 0.00000000 0.00000000 0.18494581 0.00000000 0.07048099 0.00000000 0.00000000
[10] 0.00000000 0.07472565 0.00000000 0.08086241 0.00000000 0.00000000 0.00000000 0.00000000 0.00000000
[19] 0.00000000 0.00000000 0.00000000 0.00000000 0.00000000 0.00000000 0.00000000 0.00000000 0.00000000
[28] 0.00000000 0.00000000 0.00000000 0.00000000 0.00000000 0.00000000 0.00000000 0.00000000 0.00000000
[37] 0.00000000 0.00000000 0.00000000 0.00000000 0.00000000 0.00000000 0.00000000 0.00000000 0.00000000
[46] 0.00000000 0.00000000 0.00000000 0.00000000 0.00000000 0.00000000

[[1]]$`Est. Min. A.LASSO`
 [1] 0.01575939 0.00000000 0.00000000 0.00000000 0.26497302 0.00000000 0.05686962 0.00000000 0.00000000
[10] 0.00000000 0.09242019 0.00000000 0.05297424 0.00000000 0.00000000 0.00000000 0.00000000 0.00000000
[19] 0.00000000 0.00000000 0.00000000 0.00000000 0.00000000 0.00000000 0.00000000 0.00000000 0.00000000
[28] 0.00000000 0.00000000 0.00000000 0.00000000 0.00000000 0.00000000 0.00000000 0.00000000 0.00000000
[37] 0.00000000 0.00000000 0.00000000 0.00000000 0.00000000 0.00000000 0.00000000 0.00000000 0.00000000
[46] 0.00000000 0.00000000 0.00000000 0.00000000 0.00000000 0.00000000

[[1]]$`Est. Med. A.LASSO`
 [1] 0.02006343 0.07837839 0.00000000 0.00000000 0.27741872 0.00000000 0.10572148 0.00000000 0.00000000
[10] 0.00000000 0.11208848 0.00000000 0.12129361 0.00000000 0.00000000 0.00000000 0.00000000 0.00000000
[19] 0.00000000 0.00000000 0.00000000 0.00000000 0.00000000 0.00000000 0.00000000 0.00000000 0.00000000
[28] 0.00000000 0.00000000 0.00000000 0.00000000 0.00000000 0.00000000 0.00000000 0.00000000 0.00000000
[37] 0.00000000 0.00000000 0.00000000 0.00000000 0.00000000 0.00000000 0.00000000 0.00000000 0.00000000
[46] 0.00000000 0.00000000 0.00000000 0.00000000 0.00000000 0.00000000

[[1]]$`Est. Max. A.LASSO`
 [1] 0.02436747 0.15675678 0.00000000 0.00000000 0.28986442 0.00000000 0.15457335 0.00000000 0.00000000
[10] 0.00000000 0.13175677 0.00000000 0.18961298 0.00000000 0.00000000 0.00000000 0.00000000 0.00000000
[19] 0.00000000 0.00000000 0.00000000 0.00000000 0.00000000 0.00000000 0.00000000 0.00000000 0.00000000
[28] 0.00000000 0.00000000 0.00000000 0.00000000 0.00000000 0.00000000 0.00000000 0.00000000 0.00000000
[37] 0.00000000 0.00000000 0.00000000 0.00000000 0.00000000 0.00000000 0.00000000 0.00000000 0.00000000
[46] 0.00000000 0.00000000 0.00000000 0.00000000 0.00000000 0.00000000

[[1]]$`Est. Bias A.LASSO`
 [1]  0.006708953 -0.047747739  0.000000000  0.000000000 -0.015054186  0.000000000 -0.062852345
 [8]  0.000000000  0.000000000  0.000000000 -0.025274350  0.000000000 -0.045804260  0.000000000
[15]  0.000000000  0.000000000  0.000000000  0.000000000  0.000000000  0.000000000  0.000000000
[22]  0.000000000  0.000000000  0.000000000  0.000000000  0.000000000  0.000000000  0.000000000
[29]  0.000000000  0.000000000  0.000000000  0.000000000  0.000000000  0.000000000  0.000000000
[36]  0.000000000  0.000000000  0.000000000  0.000000000  0.000000000  0.000000000  0.000000000
[43]  0.000000000  0.000000000  0.000000000  0.000000000  0.000000000  0.000000000  0.000000000
[50]  0.000000000  0.000000000

[[1]]$`Est. ESD A.LASSO`
 [1] 0.008936716 0.086690357 0.000000000 0.000000000 0.021052467 0.000000000 0.086698494 0.000000000
 [9] 0.000000000 0.000000000 0.034872390 0.000000000 0.079112173 0.000000000 0.000000000 0.000000000
[17] 0.000000000 0.000000000 0.000000000 0.000000000 0.000000000 0.000000000 0.000000000 0.000000000
[25] 0.000000000 0.000000000 0.000000000 0.000000000 0.000000000 0.000000000 0.000000000 0.000000000
[33] 0.000000000 0.000000000 0.000000000 0.000000000 0.000000000 0.000000000 0.000000000 0.000000000
[41] 0.000000000 0.000000000 0.000000000 0.000000000 0.000000000 0.000000000 0.000000000 0.000000000
[49] 0.000000000 0.000000000 0.000000000

[[1]]$`Est. propo A.LASSO`
 [1] 0.6666667 0.3333333 0.0000000 0.0000000 0.6666667 0.0000000 0.6666667 0.0000000 0.0000000 0.0000000
[11] 0.6666667 0.0000000 0.6666667 0.0000000 0.0000000 0.0000000 0.0000000 0.0000000 0.0000000 0.0000000
[21] 0.0000000 0.0000000 0.0000000 0.0000000 0.0000000 0.0000000 0.0000000 0.0000000 0.0000000 0.0000000
[31] 0.0000000 0.0000000 0.0000000 0.0000000 0.0000000 0.0000000 0.0000000 0.0000000 0.0000000 0.0000000
[41] 0.0000000 0.0000000 0.0000000 0.0000000 0.0000000 0.0000000 0.0000000 0.0000000 0.0000000 0.0000000
[51] 0.0000000


