n=
1200
Replication=
1000
[[1]]
[[1]][[1]]
[1] "#### TIME TO FINISH SIMULATION STUDY ####"

[[1]]$`Simulation time`
Time difference of 6.878558 days

[[1]][[3]]
[1] "#### RESULT: FULL QMLE ####"

[[1]][[4]]
[1] "## COUNT NON-ZERO FOR FULL QMLE ##"

[[1]]$Minimum
[1] 6

[[1]]$Maximum
[1] 12

[[1]]$Average
[1] 9

[[1]]$Mode
[1] 9

[[1]]$Bias
[1] -2.51

[[1]]$ESD
[1] 2.838309

[[1]]$`Pick All Relevant`
pickAllSigfull
   1 
1000 

[[1]]$`Is Correct model??`
isTRUEinfull
  0   1 
949  51 

[[1]][[13]]
[1] "## PARAMETER ESTIMATES: FULL QMLE ##"

[[1]]$`Est. Avg. Full`
 [1] 0.0096518461 0.1417000885 0.0059483608 0.0035279918 0.2908515855
 [6] 0.0053075310 0.1903873128 0.0039760653 0.0047394050 0.0033682735
[11] 0.1431370735 0.0048692541 0.1800205061 0.0006939784 0.0039984778
[16] 0.0017769280

[[1]]$`Est. Min. Full`
 [1] 0.002757976 0.037099497 0.000000000 0.000000000 0.162754451
 [6] 0.000000000 0.067132437 0.000000000 0.000000000 0.000000000
[11] 0.022118486 0.000000000 0.073447534 0.000000000 0.000000000
[16] 0.000000000

[[1]]$`Est. Med. Full`
 [1] 0.009456711 0.141577091 0.000000000 0.000000000 0.289353764
 [6] 0.000000000 0.189866493 0.000000000 0.000000000 0.000000000
[11] 0.143489422 0.000000000 0.177853952 0.000000000 0.000000000
[16] 0.000000000

[[1]]$`Est. Max. Full`
 [1] 0.02019430 0.22548456 0.09376584 0.06700355 0.40999824
 [6] 0.07052299 0.32057093 0.05776810 0.06099150 0.05060651
[11] 0.24301375 0.07397007 0.30318871 0.05700703 0.16583591
[16] 0.08007556

[[1]]$`Est. Bias Full`
 [1] -0.0003481539 -0.0082999115  0.0059483608  0.0035279918
 [5] -0.0091484145  0.0053075310 -0.0096126872  0.0039760653
 [9]  0.0047394050  0.0033682735 -0.0068629265  0.0048692541
[13] -0.0099794939  0.0006939784  0.0039984778  0.0017769280

[[1]]$`Est. ESD Full`
 [1] 0.002405294 0.031679312 0.013323497 0.009042506 0.045424801
 [6] 0.011800209 0.043477045 0.009191206 0.010923736 0.008135942
[11] 0.036388852 0.011314531 0.039288337 0.004564723 0.015484375
[16] 0.007679639

[[1]]$`Est. propo Full`
 [1] 1.000 1.000 0.354 0.286 1.000 0.367 1.000 0.310 0.304 0.300
[11] 1.000 0.342 1.000 0.039 0.115 0.093

[[1]][[21]]
[1] "#### RESULT: ADAPTIVE LASSO ####"

[[1]][[22]]
[1] "## COUNT NON-ZERO FOR ADAPTIVE LASSO ##"

[[1]]$Minimum
[1] 5

[[1]]$Maximum
[1] 9

[[1]]$Average
[1] 6

[[1]]$Mode
[1] 6

[[1]]$Bias
[1] -0.06

[[1]]$ESD
[1] 0.3065942

[[1]]$`Pick All Relevant`
pickAllSigadaplasso
  0   1 
  8 992 

[[1]]$`Is Correct model??`
isTRUEinadaplasso
  0   1 
 67 933 

[[1]][[31]]
[1] "## PARAMETER ESTIMATES: ADAPTIVE LASSO ##"

[[1]]$`Est. Avg. A.LASSO`
 [1] 1.289861e-02 1.332599e-01 4.137279e-04 2.366609e-04 2.877669e-01
 [6] 4.086060e-04 1.831332e-01 1.348480e-04 9.581281e-05 1.080109e-04
[11] 1.285828e-01 3.041025e-04 1.710968e-01 0.000000e+00 4.523239e-04
[16] 5.448484e-05

[[1]]$`Est. Min. A.LASSO`
 [1] 0.005038766 0.019438565 0.000000000 0.000000000 0.154382392
 [6] 0.000000000 0.000000000 0.000000000 0.000000000 0.000000000
[11] 0.000000000 0.000000000 0.036052846 0.000000000 0.000000000
[16] 0.000000000

[[1]]$`Est. Med. A.LASSO`
 [1] 0.01242142 0.13352364 0.00000000 0.00000000 0.28713372
 [6] 0.00000000 0.18387065 0.00000000 0.00000000 0.00000000
[11] 0.12979835 0.00000000 0.17119582 0.00000000 0.00000000
[16] 0.00000000

[[1]]$`Est. Max. A.LASSO`
 [1] 0.03190059 0.23369906 0.06390674 0.04750187 0.40525664
 [6] 0.07373018 0.32159436 0.03671485 0.04371179 0.03516527
[11] 0.24357290 0.05767652 0.29909186 0.00000000 0.31258594
[16] 0.05448484

[[1]]$`Est. Bias A.LASSO`
 [1]  2.898613e-03 -1.674010e-02  4.137279e-04  2.366609e-04
 [5] -1.223311e-02  4.086060e-04 -1.686676e-02  1.348480e-04
 [9]  9.581281e-05  1.080109e-04 -2.141722e-02  3.041025e-04
[13] -1.890321e-02  0.000000e+00  4.523239e-04  5.448484e-05

[[1]]$`Est. ESD A.LASSO`
 [1] 0.004411134 0.036924903 0.004408314 0.002673958 0.048211648
 [6] 0.004326478 0.048680381 0.001970650 0.001953210 0.001685347
[11] 0.045912376 0.003480583 0.044762762 0.000000000 0.010304954
[16] 0.001722962

[[1]]$`Est. propo A.LASSO`
 [1] 1.000 1.000 0.012 0.012 1.000 0.012 0.999 0.006 0.003 0.007
[11] 0.993 0.011 1.000 0.000 0.004 0.001


