n=
1200
Replication=
1000
[[1]]
[[1]][[1]]
[1] "#### TIME TO FINISH SIMULATION STUDY ####"

[[1]]$`Simulation time`
Time difference of 3.330648 days

[[1]][[3]]
[1] "#### RESULT: FULL QMLE ####"

[[1]][[4]]
[1] "## COUNT NON-ZERO FOR FULL QMLE ##"

[[1]]$Minimum
[1] 5

[[1]]$Maximum
[1] 12

[[1]]$Average
[1] 8

[[1]]$Mode
[1] 8

[[1]]$Bias
[1] -2.389

[[1]]$ESD
[1] 2.681977

[[1]]$`Pick All Relevant`
pickAllSigfull
  0   1 
  1 999 

[[1]]$`Is Correct model??`
isTRUEinfull
  0   1 
949  51 

[[1]][[13]]
[1] "## PARAMETER ESTIMATES: FULL QMLE ##"

[[1]]$`Est. Avg. Full`
 [1] 0.360871464 0.141038529 0.006271984 0.003373429
 [5] 0.291692334 0.005745855 0.192006690 0.004313154
 [9] 0.005596355 0.003308925 0.144523620 0.004827139
[13] 0.178638806

[[1]]$`Est. Min. Full`
 [1] 0.003959555 0.047683676 0.000000000 0.000000000
 [5] 0.122836546 0.000000000 0.060181407 0.000000000
 [9] 0.000000000 0.000000000 0.000000000 0.000000000
[13] 0.074276247

[[1]]$`Est. Med. Full`
 [1] 0.009658456 0.140941923 0.000000000 0.000000000
 [5] 0.292300691 0.000000000 0.191347414 0.000000000
 [9] 0.000000000 0.000000000 0.142847734 0.000000000
[13] 0.177508651

[[1]]$`Est. Max. Full`
 [1] 188.60561489   0.24656348   0.09526885   0.05197861
 [5]   0.43828670   0.07694103   0.33220828   0.05994247
 [9]   0.08040995   0.05735725   0.25103511   0.07215318
[13]   0.31720242

[[1]]$`Est. Bias Full`
 [1]  0.350871464 -0.008961471  0.006271984  0.003373429
 [5] -0.008307666  0.005745855 -0.007993310  0.004313154
 [9]  0.005596355  0.003308925 -0.005476380  0.004827139
[13] -0.011361194

[[1]]$`Est. ESD Full`
 [1] 7.871936852 0.031122554 0.013790748 0.008155366
 [5] 0.046679208 0.012774244 0.040098041 0.010000588
 [9] 0.012539007 0.007811640 0.037795010 0.010407276
[13] 0.039374984

[[1]]$`Est. propo Full`
 [1] 1.000 1.000 0.366 0.300 1.000 0.355 1.000 0.327 0.356
[10] 0.319 0.999 0.367 1.000

[[1]][[21]]
[1] "#### RESULT: ADAPTIVE LASSO ####"

[[1]][[22]]
[1] "## COUNT NON-ZERO FOR ADAPTIVE LASSO ##"

[[1]]$Minimum
[1] 4

[[1]]$Maximum
[1] 8

[[1]]$Average
[1] 6

[[1]]$Mode
[1] 6

[[1]]$Bias
[1] -0.05

[[1]]$ESD
[1] 0.2645751

[[1]]$`Pick All Relevant`
pickAllSigadaplasso
  0   1 
  6 994 

[[1]]$`Is Correct model??`
isTRUEinadaplasso
  0   1 
 61 939 

[[1]][[31]]
[1] "## PARAMETER ESTIMATES: ADAPTIVE LASSO ##"

[[1]]$`Est. Avg. A.LASSO`
 [1] 3.639299e-01 1.320623e-01 5.076162e-04 1.464424e-04
 [5] 2.885643e-01 3.839652e-04 1.836026e-01 2.801055e-04
 [9] 2.723478e-04 9.018497e-05 1.291215e-01 1.875573e-04
[13] 1.685775e-01

[[1]]$`Est. Min. A.LASSO`
 [1] 0.005280812 0.022458943 0.000000000 0.000000000
 [5] 0.096760821 0.000000000 0.000000000 0.000000000
 [9] 0.000000000 0.000000000 0.000000000 0.000000000
[13] 0.000000000

[[1]]$`Est. Med. A.LASSO`
 [1] 0.01241733 0.13269233 0.00000000 0.00000000 0.28871260
 [6] 0.00000000 0.18355328 0.00000000 0.00000000 0.00000000
[11] 0.12679100 0.00000000 0.16883499

[[1]]$`Est. Max. A.LASSO`
 [1] 188.60543149   0.24818621   0.06983357   0.04545068
 [5]   0.44018674   0.06623500   0.33203014   0.04646165
 [9]   0.07791246   0.04599732   0.25176263   0.04678182
[13]   0.31293971

[[1]]$`Est. Bias A.LASSO`
 [1]  3.539299e-01 -1.793772e-02  5.076162e-04  1.464424e-04
 [5] -1.143574e-02  3.839652e-04 -1.639744e-02  2.801055e-04
 [9]  2.723478e-04  9.018497e-05 -2.087854e-02  1.875573e-04
[13] -2.142246e-02

[[1]]$`Est. ESD A.LASSO`
 [1] 7.871931357 0.037434906 0.004784066 0.002224965
 [5] 0.049528679 0.004297582 0.045721977 0.003035349
 [9] 0.004057515 0.001815473 0.046626740 0.002702263
[13] 0.046217710

[[1]]$`Est. propo A.LASSO`
 [1] 1.000 1.000 0.016 0.006 1.000 0.009 0.999 0.010 0.006
[10] 0.005 0.996 0.005 0.998


