n=
600
Replication=
1000
[[1]]
[[1]][[1]]
[1] "#### TIME TO FINISH SIMULATION STUDY ####"

[[1]]$`Simulation time`
Time difference of 1.940201 days

[[1]][[3]]
[1] "#### RESULT: FULL QMLE ####"

[[1]][[4]]
[1] "## COUNT NON-ZERO FOR FULL QMLE ##"

[[1]]$Minimum
[1] 6

[[1]]$Maximum
[1] 13

[[1]]$Average
[1] 8

[[1]]$Mode
[1] 8

[[1]]$Bias
[1] -13.01099

[[1]]$ESD
[1] 6.268708

[[1]]$`Pick All Relevant`
pickAllSigfull
  0   1 
 11 989 

[[1]]$`Is Correct model??`
isTRUEinfull
  0   1 
954  46 

[[1]][[13]]
[1] "## PARAMETER ESTIMATES: FULL QMLE ##"

[[1]]$`Est. Avg. Full`
 [1] 0.010079552 0.137203433 0.010074340 0.006789979
 [5] 0.286772945 0.008392539 0.187561719 0.006186763
 [9] 0.008755991 0.004360593 0.143786790 0.006167345
[13] 0.170403219

[[1]]$`Est. Min. Full`
 [1] 0.00000000 0.03272271 0.00000000 0.00000000 0.13927639
 [6] 0.00000000 0.04083331 0.00000000 0.00000000 0.00000000
[11] 0.03034551 0.00000000 0.01034034

[[1]]$`Est. Med. Full`
 [1] 0.009407212 0.137888878 0.000000000 0.000000000
 [5] 0.283859774 0.000000000 0.190421273 0.000000000
 [9] 0.000000000 0.000000000 0.140186122 0.000000000
[13] 0.167945688

[[1]]$`Est. Max. Full`
 [1] 0.02701678 0.24868202 0.15101596 0.07850061 0.46847240
 [6] 0.09381425 0.30177368 0.08850458 0.11857144 0.06994914
[11] 0.26625998 0.10022848 0.30763874

[[1]]$`Est. Bias Full`
 [1]  7.955233e-05 -1.279657e-02  1.007434e-02  6.789979e-03
 [5] -1.322705e-02  8.392539e-03 -1.243828e-02  6.186763e-03
 [9]  8.755991e-03  4.360593e-03 -6.213210e-03  6.167345e-03
[13] -1.959678e-02

[[1]]$`Est. ESD Full`
 [1] 0.004083813 0.043467269 0.022884101 0.016314670
 [5] 0.063983521 0.020492006 0.054465596 0.015006011
 [9] 0.021019632 0.011848116 0.051451702 0.014760322
[13] 0.055012103

[[1]]$`Est. propo Full`
 [1] 0.9945055 1.0000000 0.3571429 0.3406593 1.0000000
 [6] 0.2967033 1.0000000 0.2912088 0.3626374 0.2362637
[11] 1.0000000 0.3296703 1.0000000

[[1]][[21]]
[1] "#### RESULT: ADAPTIVE LASSO ####"

[[1]][[22]]
[1] "## COUNT NON-ZERO FOR ADAPTIVE LASSO ##"

[[1]]$Minimum
[1] 3

[[1]]$Maximum
[1] 9

[[1]]$Average
[1] 6

[[1]]$Mode
[1] 6

[[1]]$Bias
[1] 0.6868132

[[1]]$ESD
[1] 1.786703

[[1]]$`Pick All Relevant`
pickAllSigadaplasso
  0   1 
193 807 

[[1]]$`Is Correct model??`
isTRUEinadaplasso
  0   1 
278 722 

[[1]][[31]]
[1] "## PARAMETER ESTIMATES: ADAPTIVE LASSO ##"

[[1]]$`Est. Avg. A.LASSO`
 [1] 0.0173616384 0.1137224255 0.0018958514 0.0009189676
 [5] 0.2722030864 0.0010867685 0.1648751814 0.0005393164
 [9] 0.0009436198 0.0005020196 0.1119023013 0.0002000755
[13] 0.1460099250

[[1]]$`Est. Min. A.LASSO`
 [1] 0.004513434 0.000000000 0.000000000 0.000000000
 [5] 0.075237838 0.000000000 0.000000000 0.000000000
 [9] 0.000000000 0.000000000 0.000000000 0.000000000
[13] 0.000000000

[[1]]$`Est. Med. A.LASSO`
 [1] 0.01491533 0.11256290 0.00000000 0.00000000 0.27061242
 [6] 0.00000000 0.17611798 0.00000000 0.00000000 0.00000000
[11] 0.10723187 0.00000000 0.15023094

[[1]]$`Est. Max. A.LASSO`
 [1] 0.06168766 0.23377059 0.12211870 0.07513484 0.49838148
 [6] 0.06737813 0.29574702 0.07539434 0.09196779 0.04783093
[11] 0.26472652 0.03641374 0.34339088

[[1]]$`Est. Bias A.LASSO`
 [1]  0.0074165834 -0.0354533987  0.0018958514  0.0009189676
 [5] -0.0261485619  0.0010867685 -0.0340259175  0.0005393164
 [9]  0.0009436198  0.0005020196 -0.0372735229  0.0002000755
[13] -0.0429461189

[[1]]$`Est. ESD A.LASSO`
 [1] 0.011779969 0.060603484 0.012090798 0.006586200
 [5] 0.076422649 0.007200335 0.070545740 0.005736868
 [9] 0.008058314 0.004794249 0.070844571 0.002699166
[13] 0.075106892

[[1]]$`Est. propo A.LASSO`
 [1] 1.000000000 0.961538462 0.032967033 0.027472527
 [5] 1.000000000 0.027472527 0.978021978 0.016483516
 [9] 0.016483516 0.010989011 0.917582418 0.005494505
[13] 0.961538462


