n=
600
Replication=
1000
[[1]]
[[1]][[1]]
[1] "#### TIME TO FINISH SIMULATION STUDY ####"

[[1]]$`Simulation time`
Time difference of 5.761182 days

[[1]][[3]]
[1] "#### RESULT: FULL QMLE ####"

[[1]][[4]]
[1] "## COUNT NON-ZERO FOR FULL QMLE ##"

[[1]]$Minimum
[1] 6

[[1]]$Maximum
[1] 12

[[1]]$Average
[1] 8

[[1]]$Mode
[1] 8

[[1]]$Bias
[1] -5.02766

[[1]]$ESD
[1] 3.885324

[[1]]$`Pick All Relevant`
pickAllSigfull
  0   1 
 13 987 

[[1]]$`Is Correct model??`
isTRUEinfull
  0   1 
949  51 

[[1]][[13]]
[1] "## PARAMETER ESTIMATES: FULL QMLE ##"

[[1]]$`Est. Avg. Full`
 [1] 0.0099137978 0.1366568662 0.0080899474 0.0049869476
 [5] 0.2844726500 0.0088988268 0.1876370422 0.0050346717
 [9] 0.0082134938 0.0051395219 0.1353491555 0.0083453380
[13] 0.1683823794 0.0007394834 0.0055273082 0.0025956798

[[1]]$`Est. Min. Full`
 [1] 0.00000000 0.00000000 0.00000000 0.00000000 0.04025070
 [6] 0.00000000 0.05114931 0.00000000 0.00000000 0.00000000
[11] 0.00000000 0.00000000 0.02874588 0.00000000 0.00000000
[16] 0.00000000

[[1]]$`Est. Med. Full`
 [1] 0.009488689 0.133494631 0.000000000 0.000000000
 [5] 0.285061675 0.000000000 0.188794134 0.000000000
 [9] 0.000000000 0.000000000 0.134520818 0.000000000
[13] 0.166729735 0.000000000 0.000000000 0.000000000

[[1]]$`Est. Max. Full`
 [1] 0.04681933 0.29745552 0.13271590 0.08830900 0.50297849
 [6] 0.08756576 0.37756812 0.08945760 0.09592313 0.06643194
[11] 0.30960536 0.10965793 0.34276907 0.06786997 0.20020222
[16] 0.12833108

[[1]]$`Est. Bias Full`
 [1] -8.620223e-05 -1.334313e-02  8.089947e-03  4.986948e-03
 [5] -1.552735e-02  8.898827e-03 -1.236296e-02  5.034672e-03
 [9]  8.213494e-03  5.139522e-03 -1.465084e-02  8.345338e-03
[13] -2.161762e-02  7.394834e-04  5.527308e-03  2.595680e-03

[[1]]$`Est. ESD Full`
 [1] 0.003871135 0.047645087 0.019150912 0.012992315
 [5] 0.068554564 0.018751481 0.060778349 0.013660649
 [9] 0.018733671 0.012414784 0.053962595 0.019155122
[13] 0.057620400 0.005570675 0.021774679 0.013154141

[[1]]$`Est. propo Full`
 [1] 0.99787234 0.99787234 0.31914894 0.28510638 1.00000000
 [6] 0.37234043 1.00000000 0.25531915 0.33617021 0.30212766
[11] 0.98936170 0.35106383 1.00000000 0.02765957 0.11702128
[16] 0.08723404

[[1]][[21]]
[1] "#### RESULT: ADAPTIVE LASSO ####"

[[1]][[22]]
[1] "## COUNT NON-ZERO FOR ADAPTIVE LASSO ##"

[[1]]$Minimum
[1] 0

[[1]]$Maximum
[1] 8

[[1]]$Average
[1] 6

[[1]]$Mode
[1] 6

[[1]]$Bias
[1] 0.1978723

[[1]]$ESD
[1] 0.9464379

[[1]]$`Pick All Relevant`
pickAllSigadaplasso
  0   1 
176 824 

[[1]]$`Is Correct model??`
isTRUEinadaplasso
  0   1 
263 737 

[[1]][[31]]
[1] "## PARAMETER ESTIMATES: ADAPTIVE LASSO ##"

[[1]]$`Est. Avg. A.LASSO`
 [1] 0.0175428204 0.1145925522 0.0009186391 0.0001403581
 [5] 0.2710572303 0.0008996955 0.1672023558 0.0005065032
 [9] 0.0008520636 0.0003294064 0.1055523588 0.0009399304
[13] 0.1438720305 0.0000000000 0.0015441423 0.0000000000

[[1]]$`Est. Min. A.LASSO`
 [1] 0.005238696 0.000000000 0.000000000 0.000000000
 [5] 0.000000000 0.000000000 0.000000000 0.000000000
 [9] 0.000000000 0.000000000 0.000000000 0.000000000
[13] 0.000000000 0.000000000 0.000000000 0.000000000

[[1]]$`Est. Med. A.LASSO`
 [1] 0.01559273 0.11389551 0.00000000 0.00000000 0.27435875
 [6] 0.00000000 0.17052519 0.00000000 0.00000000 0.00000000
[11] 0.10945923 0.00000000 0.14502813 0.00000000 0.00000000
[16] 0.00000000

[[1]]$`Est. Max. A.LASSO`
 [1] 0.16870847 0.28522055 0.12839931 0.04303639 0.47059564
 [6] 0.07595154 0.39646861 0.05880919 0.08146621 0.05115184
[11] 0.31979015 0.08832529 0.34737022 0.00000000 0.37478839
[16] 0.00000000

[[1]]$`Est. Bias A.LASSO`
 [1]  0.0075640970 -0.0350882988  0.0009186391  0.0001403581
 [5] -0.0283044719  0.0008996955 -0.0323721123  0.0005065032
 [9]  0.0008520636  0.0003294064 -0.0441284923  0.0009399304
[13] -0.0457237142  0.0000000000  0.0015441423  0.0000000000

[[1]]$`Est. ESD A.LASSO`
 [1] 0.012728055 0.063946053 0.008507729 0.002181691
 [5] 0.079956968 0.006574152 0.077646254 0.004759035
 [9] 0.007505006 0.003260856 0.075880964 0.007403701
[13] 0.076974096 0.000000000 0.023684011 0.000000000

[[1]]$`Est. propo A.LASSO`
 [1] 0.997872340 0.953191489 0.017021277 0.006382979
 [5] 0.993617021 0.027659574 0.970212766 0.012765957
 [9] 0.017021277 0.012765957 0.889361702 0.021276596
[13] 0.968085106 0.000000000 0.004255319 0.000000000


