n=
1200
Replication=
1000
[[1]]
[[1]][[1]]
[1] "#### RESULT: FULL QMLE ####"

[[1]][[2]]
[1] "## COUNT NON-ZERO FOR FULL QMLE ##"

[[1]]$Minimum
[1] 7

[[1]]$Maximum
[1] 23

[[1]]$Average
[1] 14

[[1]]$Mode
[1] 14

[[1]]$Bias
[1] -8.014

[[1]]$ESD
[1] 8.449734

[[1]]$`Pick All Relevant`
pickAllSigfull
  0   1 
  1 999 

[[1]]$`Is Correct model??`
isTRUEinfull
   0 
1000 

[[1]][[11]]
[1] "## PARAMETER ESTIMATES: FULL QMLE ##"

[[1]]$`Est. Avg. Full`
 [1] 0.0074735572 0.1381150547 0.0056711086 0.0028085122 0.2852459509 0.0042152677
 [7] 0.1856079321 0.0031591077 0.0040030136 0.0022968408 0.1331564063 0.0025772010
[13] 0.1712621336 0.0026604735 0.0025232445 0.0013330384 0.0037008461 0.0017823888
[19] 0.0027690381 0.0009854444 0.0020518702 0.0014446063 0.0023648215 0.0015379327
[25] 0.0016078099 0.0010030103 0.0013204985 0.0010304891 0.0013876823 0.0009411443
[31] 0.0012269192 0.0012213928 0.0009791355 0.0008602984 0.0012242087 0.0010760872
[37] 0.0010694649 0.0010651325 0.0010625613 0.0009040290 0.0011735012 0.0010941406
[43] 0.0008716050 0.0010151064 0.0010900074 0.0009853683 0.0011128645 0.0010755920
[49] 0.0012844646 0.0012258588 0.0013607830 0.0000000000 0.0000000000 0.0000000000

[[1]]$`Est. Min. Full`
 [1] 0.0004119743 0.0387306992 0.0000000000 0.0000000000 0.1439478255 0.0000000000
 [7] 0.0678839196 0.0000000000 0.0000000000 0.0000000000 0.0000000000 0.0000000000
[13] 0.0069996752 0.0000000000 0.0000000000 0.0000000000 0.0000000000 0.0000000000
[19] 0.0000000000 0.0000000000 0.0000000000 0.0000000000 0.0000000000 0.0000000000
[25] 0.0000000000 0.0000000000 0.0000000000 0.0000000000 0.0000000000 0.0000000000
[31] 0.0000000000 0.0000000000 0.0000000000 0.0000000000 0.0000000000 0.0000000000
[37] 0.0000000000 0.0000000000 0.0000000000 0.0000000000 0.0000000000 0.0000000000
[43] 0.0000000000 0.0000000000 0.0000000000 0.0000000000 0.0000000000 0.0000000000
[49] 0.0000000000 0.0000000000 0.0000000000 0.0000000000 0.0000000000 0.0000000000

[[1]]$`Est. Med. Full`
 [1] 0.00729083 0.13827817 0.00000000 0.00000000 0.28397056 0.00000000 0.18378838 0.00000000
 [9] 0.00000000 0.00000000 0.13315187 0.00000000 0.17002186 0.00000000 0.00000000 0.00000000
[17] 0.00000000 0.00000000 0.00000000 0.00000000 0.00000000 0.00000000 0.00000000 0.00000000
[25] 0.00000000 0.00000000 0.00000000 0.00000000 0.00000000 0.00000000 0.00000000 0.00000000
[33] 0.00000000 0.00000000 0.00000000 0.00000000 0.00000000 0.00000000 0.00000000 0.00000000
[41] 0.00000000 0.00000000 0.00000000 0.00000000 0.00000000 0.00000000 0.00000000 0.00000000
[49] 0.00000000 0.00000000 0.00000000 0.00000000 0.00000000 0.00000000

[[1]]$`Est. Max. Full`
 [1] 0.01971509 0.26387305 0.10052032 0.06440582 0.43490582 0.11153889 0.33044204 0.07545042
 [9] 0.06459330 0.07366878 0.27631948 0.04564013 0.28522935 0.07176428 0.04823579 0.04955991
[17] 0.08173043 0.05060757 0.06369753 0.03469523 0.06344488 0.04817341 0.06401681 0.04797773
[25] 0.04941130 0.04008039 0.04161631 0.04462531 0.04022009 0.03244917 0.04686477 0.03852325
[33] 0.05199807 0.03796123 0.03069236 0.04869717 0.06019895 0.05405364 0.05350140 0.03456904
[41] 0.04078393 0.05798772 0.02669382 0.03522854 0.04077300 0.03671733 0.04158406 0.03066778
[49] 0.04130743 0.05493686 0.03749051 0.00000000 0.00000000 0.00000000

[[1]]$`Est. Bias Full`
 [1] -0.0025264428 -0.0118849453  0.0056711086  0.0028085122 -0.0147540491  0.0042152677
 [7] -0.0143920679  0.0031591077  0.0040030136  0.0022968408 -0.0168435937  0.0025772010
[13] -0.0187378664  0.0026604735  0.0025232445  0.0013330384  0.0037008461  0.0017823888
[19]  0.0027690381  0.0009854444  0.0020518702  0.0014446063  0.0023648215  0.0015379327
[25]  0.0016078099  0.0010030103  0.0013204985  0.0010304891  0.0013876823  0.0009411443
[31]  0.0012269192  0.0012213928  0.0009791355  0.0008602984  0.0012242087  0.0010760872
[37]  0.0010694649  0.0010651325  0.0010625613  0.0009040290  0.0011735012  0.0010941406
[43]  0.0008716050  0.0010151064  0.0010900074  0.0009853683  0.0011128645  0.0010755920
[49]  0.0012844646  0.0012258588  0.0013607830  0.0000000000  0.0000000000  0.0000000000

[[1]]$`Est. ESD Full`
 [1] 0.003406661 0.034802996 0.013465883 0.007849067 0.049000784 0.010895408 0.044833203
 [8] 0.008521001 0.009833894 0.006853906 0.039981489 0.007239827 0.043634665 0.007828612
[15] 0.007246196 0.004912749 0.010442907 0.005800642 0.007988463 0.003756866 0.006806110
[22] 0.005236193 0.007379743 0.005146008 0.005502875 0.004019952 0.004605993 0.003957088
[29] 0.004682093 0.003686601 0.004503960 0.004226031 0.003914065 0.003373838 0.003996118
[36] 0.004299279 0.004074428 0.004101524 0.003994469 0.003118564 0.004187613 0.004173324
[43] 0.003085649 0.003646492 0.003862176 0.003524108 0.003847325 0.003585376 0.004401853
[50] 0.004357882 0.004360914 0.000000000 0.000000000 0.000000000

[[1]]$`Est. propo Full`
 [1] 1.000 1.000 0.330 0.242 1.000 0.278 1.000 0.253 0.289 0.197 0.999 0.222 1.000 0.217
[15] 0.203 0.138 0.243 0.177 0.213 0.130 0.187 0.152 0.185 0.168 0.150 0.115 0.152 0.127
[29] 0.156 0.124 0.138 0.154 0.137 0.132 0.162 0.143 0.143 0.142 0.149 0.155 0.159 0.156
[43] 0.150 0.156 0.174 0.162 0.182 0.172 0.189 0.186 0.226 0.000 0.000 0.000

[[1]][[19]]
[1] "#### RESULT: ADAPTIVE LASSO ####"

[[1]][[20]]
[1] "## COUNT NON-ZERO FOR ADAPTIVE LASSO ##"

[[1]]$Minimum
[1] 5

[[1]]$Maximum
[1] 9

[[1]]$Average
[1] 6

[[1]]$Mode
[1] 6

[[1]]$Bias
[1] -0.13

[[1]]$ESD
[1] 0.4147288

[[1]]$`Pick All Relevant`
pickAllSigadaplasso
  0   1 
 15 985 

[[1]]$`Is Correct model??`
isTRUEinadaplasso
  0   1 
147 853 

[[1]][[29]]
[1] "## PARAMETER ESTIMATES: ADAPTIVE LASSO ##"

[[1]]$`Est. Avg. A.LASSO`
 [1] 1.367793e-02 1.282351e-01 3.901634e-04 1.347762e-04 2.847556e-01 2.497894e-04
 [7] 1.782542e-01 1.752655e-04 7.143094e-05 8.982406e-05 1.184487e-01 1.851154e-05
[13] 1.650856e-01 5.824998e-05 1.924835e-05 1.630430e-06 2.381828e-04 5.325352e-05
[19] 1.113714e-04 1.594165e-05 1.724936e-04 1.236349e-04 1.523617e-04 3.156232e-05
[25] 4.368438e-05 3.040454e-05 1.149461e-05 4.030875e-07 4.231326e-05 3.021471e-05
[31] 4.758856e-05 4.642387e-05 6.240694e-05 2.580105e-05 2.809588e-05 7.682220e-05
[37] 4.843964e-06 5.386416e-05 5.059514e-05 1.012146e-05 1.317202e-05 1.664353e-05
[43] 8.579754e-06 5.540604e-05 4.510945e-06 1.415693e-05 4.110853e-05 6.115000e-06
[49] 1.267998e-05 4.606360e-05 1.975099e-05 0.000000e+00 0.000000e+00 0.000000e+00

[[1]]$`Est. Min. A.LASSO`
 [1] 0.006059579 0.000000000 0.000000000 0.000000000 0.116714546 0.000000000 0.017347864
 [8] 0.000000000 0.000000000 0.000000000 0.000000000 0.000000000 0.000000000 0.000000000
[15] 0.000000000 0.000000000 0.000000000 0.000000000 0.000000000 0.000000000 0.000000000
[22] 0.000000000 0.000000000 0.000000000 0.000000000 0.000000000 0.000000000 0.000000000
[29] 0.000000000 0.000000000 0.000000000 0.000000000 0.000000000 0.000000000 0.000000000
[36] 0.000000000 0.000000000 0.000000000 0.000000000 0.000000000 0.000000000 0.000000000
[43] 0.000000000 0.000000000 0.000000000 0.000000000 0.000000000 0.000000000 0.000000000
[50] 0.000000000 0.000000000 0.000000000 0.000000000 0.000000000

[[1]]$`Est. Med. A.LASSO`
 [1] 0.01311628 0.12920384 0.00000000 0.00000000 0.28404033 0.00000000 0.17611926 0.00000000
 [9] 0.00000000 0.00000000 0.12036420 0.00000000 0.16562253 0.00000000 0.00000000 0.00000000
[17] 0.00000000 0.00000000 0.00000000 0.00000000 0.00000000 0.00000000 0.00000000 0.00000000
[25] 0.00000000 0.00000000 0.00000000 0.00000000 0.00000000 0.00000000 0.00000000 0.00000000
[33] 0.00000000 0.00000000 0.00000000 0.00000000 0.00000000 0.00000000 0.00000000 0.00000000
[41] 0.00000000 0.00000000 0.00000000 0.00000000 0.00000000 0.00000000 0.00000000 0.00000000
[49] 0.00000000 0.00000000 0.00000000 0.00000000 0.00000000 0.00000000

[[1]]$`Est. Max. A.LASSO`
 [1] 0.0340045658 0.2691846354 0.0600966735 0.0576314281 0.4296676418 0.0702108490
 [7] 0.3363761847 0.0525277214 0.0291851709 0.0693693257 0.2705886704 0.0185115424
[13] 0.2997830459 0.0286661291 0.0192483524 0.0016304304 0.0822636610 0.0200664013
[19] 0.0458595385 0.0114663032 0.0481803359 0.0424247272 0.0554740587 0.0224005270
[25] 0.0168749474 0.0189939180 0.0059812631 0.0004030875 0.0289328184 0.0232127828
[31] 0.0303349757 0.0254491318 0.0388891980 0.0258010456 0.0156649539 0.0381381978
[37] 0.0048439637 0.0378464896 0.0374132169 0.0069478503 0.0131720187 0.0121391142
[43] 0.0085797540 0.0240822641 0.0027897873 0.0141569280 0.0264324118 0.0061149999
[49] 0.0056662626 0.0246290810 0.0159369286 0.0000000000 0.0000000000 0.0000000000

[[1]]$`Est. Bias A.LASSO`
 [1]  3.677931e-03 -2.176488e-02  3.901634e-04  1.347762e-04 -1.524445e-02  2.497894e-04
 [7] -2.174577e-02  1.752655e-04  7.143094e-05  8.982406e-05 -3.155132e-02  1.851154e-05
[13] -2.491436e-02  5.824998e-05  1.924835e-05  1.630430e-06  2.381828e-04  5.325352e-05
[19]  1.113714e-04  1.594165e-05  1.724936e-04  1.236349e-04  1.523617e-04  3.156232e-05
[25]  4.368438e-05  3.040454e-05  1.149461e-05  4.030875e-07  4.231326e-05  3.021471e-05
[31]  4.758856e-05  4.642387e-05  6.240694e-05  2.580105e-05  2.809588e-05  7.682220e-05
[37]  4.843964e-06  5.386416e-05  5.059514e-05  1.012146e-05  1.317202e-05  1.664353e-05
[43]  8.579754e-06  5.540604e-05  4.510945e-06  1.415693e-05  4.110853e-05  6.115000e-06
[49]  1.267998e-05  4.606360e-05  1.975099e-05  0.000000e+00  0.000000e+00  0.000000e+00

[[1]]$`Est. ESD A.LASSO`
 [1] 5.295757e-03 4.160171e-02 3.961915e-03 2.213791e-03 5.216250e-02 3.171563e-03
 [7] 5.173349e-02 2.413068e-03 1.365113e-03 2.275246e-03 5.301998e-02 5.853864e-04
[13] 5.024732e-02 1.160641e-03 6.086863e-04 5.155874e-05 3.346453e-03 9.257329e-04
[19] 2.037806e-03 3.892363e-04 2.322754e-03 2.042761e-03 2.439963e-03 7.653248e-04
[25] 7.588612e-04 6.817177e-04 2.572402e-04 1.274675e-05 1.008040e-03 7.667205e-04
[31] 1.059973e-03 9.362525e-04 1.437169e-03 8.159007e-04 6.201330e-04 1.439375e-03
[37] 1.531796e-04 1.299586e-03 1.226363e-03 2.415459e-04 4.165358e-04 4.094482e-04
[43] 2.713156e-04 1.025551e-03 1.036595e-04 4.476814e-04 9.560653e-04 1.933733e-04
[49] 2.421452e-04 9.458791e-04 5.182015e-04 0.000000e+00 0.000000e+00 0.000000e+00

[[1]]$`Est. propo A.LASSO`
 [1] 1.000 0.999 0.013 0.006 1.000 0.008 1.000 0.007 0.003 0.003 0.988 0.001 0.998 0.004
[15] 0.001 0.001 0.008 0.004 0.005 0.002 0.007 0.004 0.006 0.002 0.004 0.003 0.002 0.001
[29] 0.002 0.002 0.003 0.003 0.002 0.001 0.003 0.004 0.001 0.002 0.003 0.002 0.001 0.002
[43] 0.001 0.004 0.002 0.001 0.002 0.001 0.003 0.003 0.002 0.000 0.000 0.000


