n=
1200
Replication=
1000
[[1]]
[[1]][[1]]
[1] "#### TIME TO FINISH SIMULATION STUDY ####"

[[1]]$`Simulation time`
Time difference of 2.769115 days

[[1]][[3]]
[1] "#### RESULT: FULL QMLE ####"

[[1]][[4]]
[1] "## COUNT NON-ZERO FOR FULL QMLE ##"

[[1]]$Minimum
[1] 6

[[1]]$Maximum
[1] 12

[[1]]$Average
[1] 8

[[1]]$Mode
[1] 8

[[1]]$Bias
[1] -2.382

[[1]]$ESD
[1] 2.681045

[[1]]$`Pick All Relevant`
pickAllSigfull
  0   1 
  2 998 

[[1]]$`Is Correct model??`
isTRUEinfull
  0   1 
946  54 

[[1]][[13]]
[1] "## PARAMETER ESTIMATES: FULL QMLE ##"

[[1]]$`Est. Avg. Full`
 [1] 0.285269399 0.139509265 0.006137824 0.003947551
 [5] 0.290759308 0.005203704 0.192713645 0.004169044
 [9] 0.005436245 0.003430510 0.142524633 0.004831557
[13] 0.180635094

[[1]]$`Est. Min. Full`
 [1] 0.003150027 0.000000000 0.000000000 0.000000000
 [5] 0.118232961 0.000000000 0.059233889 0.000000000
 [9] 0.000000000 0.000000000 0.000000000 0.000000000
[13] 0.038291632

[[1]]$`Est. Med. Full`
 [1] 0.009534282 0.139334403 0.000000000 0.000000000
 [5] 0.290441217 0.000000000 0.192331011 0.000000000
 [9] 0.000000000 0.000000000 0.140146393 0.000000000
[13] 0.178273760

[[1]]$`Est. Max. Full`
 [1] 146.79964668   0.28027236   0.08161597   0.07105450
 [5]   0.48157516   0.06508276   0.33272304   0.07319754
 [9]   0.09170059   0.07988536   0.27247905   0.07034229
[13]   0.32334761

[[1]]$`Est. Bias Full`
 [1]  0.275269399 -0.010490735  0.006137824  0.003947551
 [5] -0.009240692  0.005203704 -0.007286355  0.004169044
 [9]  0.005436245  0.003430510 -0.007475367  0.004831557
[13] -0.009364906

[[1]]$`Est. ESD Full`
 [1] 6.174918111 0.034339604 0.013587504 0.009686901
 [5] 0.046855680 0.011834049 0.042120821 0.009948248
 [9] 0.012261800 0.008442977 0.038804498 0.010599577
[13] 0.038924619

[[1]]$`Est. propo Full`
 [1] 1.000 0.999 0.355 0.322 1.000 0.355 1.000 0.325 0.364
[10] 0.298 0.999 0.365 1.000

[[1]][[21]]
[1] "#### RESULT: ADAPTIVE LASSO ####"

[[1]][[22]]
[1] "## COUNT NON-ZERO FOR ADAPTIVE LASSO ##"

[[1]]$Minimum
[1] 5

[[1]]$Maximum
[1] 8

[[1]]$Average
[1] 6

[[1]]$Mode
[1] 6

[[1]]$Bias
[1] -0.049

[[1]]$ESD
[1] 0.284605

[[1]]$`Pick All Relevant`
pickAllSigadaplasso
  0   1 
 13 987 

[[1]]$`Is Correct model??`
isTRUEinadaplasso
  0   1 
 70 930 

[[1]][[31]]
[1] "## PARAMETER ESTIMATES: ADAPTIVE LASSO ##"

[[1]]$`Est. Avg. A.LASSO`
 [1] 0.3591729862 0.1299401610 0.0004291053 0.0001778923
 [5] 0.2873627032 0.0003390072 0.1838699635 0.0001718272
 [9] 0.0004304834 0.0001635926 0.1266284311 0.0002793482
[13] 0.1705355608

[[1]]$`Est. Min. A.LASSO`
 [1] 0.004929855 0.000000000 0.000000000 0.000000000
 [5] 0.112711690 0.000000000 0.039239586 0.000000000
 [9] 0.000000000 0.000000000 0.000000000 0.000000000
[13] 0.000000000

[[1]]$`Est. Med. A.LASSO`
 [1] 0.0123433 0.1288626 0.0000000 0.0000000 0.2877110
 [6] 0.0000000 0.1830111 0.0000000 0.0000000 0.0000000
[11] 0.1265526 0.0000000 0.1692265

[[1]]$`Est. Max. A.LASSO`
 [1] 146.79942278   0.27515932   0.06457898   0.05882369
 [5]   0.48913151   0.05845252   0.35171260   0.05858838
 [9]   0.07890084   0.06111763   0.26668313   0.06037320
[13]   0.32052914

[[1]]$`Est. Bias A.LASSO`
 [1]  0.3491729862 -0.0200598390  0.0004291053  0.0001778923
 [5] -0.0126372968  0.0003390072 -0.0161300365  0.0001718272
 [9]  0.0004304834  0.0001635926 -0.0233715689  0.0002793482
[13] -0.0194644392

[[1]]$`Est. ESD A.LASSO`
 [1] 6.568549490 0.040945715 0.004482345 0.002717763
 [5] 0.050116502 0.003352329 0.047762708 0.002562475
 [9] 0.004931728 0.002641460 0.049437897 0.003464457
[13] 0.045119000

[[1]]$`Est. propo A.LASSO`
 [1] 1.000 0.998 0.012 0.006 1.000 0.013 1.000 0.007 0.009
[10] 0.007 0.989 0.009 0.999


