n=
600
Replication=
1000
[[1]]
[[1]][[1]]
[1] "#### TIME TO FINISH SIMULATION STUDY ####"

[[1]]$`Simulation time`
Time difference of 25.92143 days

[[1]][[3]]
[1] "#### RESULT: FULL QMLE ####"

[[1]][[4]]
[1] "## COUNT NON-ZERO FOR FULL QMLE ##"

[[1]]$Minimum
[1] 6

[[1]]$Maximum
[1] 23

[[1]]$Average
[1] 14

[[1]]$Mode
[1] 15

[[1]]$Bias
[1] -573.4286

[[1]]$ESD
[1] 71.44728

[[1]]$`Pick All Relevant`
pickAllSigfull
  0   1 
148 852 

[[1]]$`Is Correct model??`
isTRUEinfull
  0   1 
999   1 

[[1]][[13]]
[1] "## PARAMETER ESTIMATES: FULL QMLE ##"

[[1]]$`Est. Avg. Full`
 [1] 6.254009e-03 1.198793e-01 4.732869e-03 4.612046e-03
 [5] 2.758627e-01 1.077123e-02 1.714068e-01 1.005890e-02
 [9] 3.405706e-03 0.000000e+00 1.130189e-01 3.246752e-03
[13] 1.370622e-01 2.182387e-03 7.179355e-03 8.639179e-03
[17] 4.655472e-03 9.634380e-04 3.799354e-03 0.000000e+00
[21] 0.000000e+00 2.612396e-04 2.572194e-03 5.031109e-03
[25] 6.139014e-03 3.929253e-03 4.176348e-03 0.000000e+00
[29] 1.201524e-03 2.981079e-03 8.367509e-05 1.328926e-02
[33] 8.938037e-03 7.198679e-04 2.625158e-03 6.173079e-04
[37] 9.936838e-04 6.101422e-03 2.198224e-03 3.148985e-03
[41] 4.342898e-03 7.329011e-03 9.374121e-04 1.679631e-03
[45] 1.094429e-03 3.841931e-03 8.859201e-04 9.226480e-04
[49] 5.228096e-03 1.404587e-03 7.777272e-04 0.000000e+00
[53] 0.000000e+00 0.000000e+00

[[1]]$`Est. Min. Full`
 [1] 0.000000000 0.005026365 0.000000000 0.000000000 0.205072930
 [6] 0.000000000 0.053268691 0.000000000 0.000000000 0.000000000
[11] 0.049123391 0.000000000 0.010652579 0.000000000 0.000000000
[16] 0.000000000 0.000000000 0.000000000 0.000000000 0.000000000
[21] 0.000000000 0.000000000 0.000000000 0.000000000 0.000000000
[26] 0.000000000 0.000000000 0.000000000 0.000000000 0.000000000
[31] 0.000000000 0.000000000 0.000000000 0.000000000 0.000000000
[36] 0.000000000 0.000000000 0.000000000 0.000000000 0.000000000
[41] 0.000000000 0.000000000 0.000000000 0.000000000 0.000000000
[46] 0.000000000 0.000000000 0.000000000 0.000000000 0.000000000
[51] 0.000000000 0.000000000 0.000000000 0.000000000

[[1]]$`Est. Med. Full`
 [1] 0.006730505 0.145824186 0.000000000 0.000000000 0.257928785
 [6] 0.000000000 0.172002720 0.000000000 0.000000000 0.000000000
[11] 0.108021866 0.000000000 0.145891466 0.000000000 0.000000000
[16] 0.000000000 0.000000000 0.000000000 0.000000000 0.000000000
[21] 0.000000000 0.000000000 0.000000000 0.000000000 0.000000000
[26] 0.000000000 0.000000000 0.000000000 0.000000000 0.000000000
[31] 0.000000000 0.000000000 0.000000000 0.000000000 0.000000000
[36] 0.000000000 0.000000000 0.000000000 0.000000000 0.000000000
[41] 0.000000000 0.000000000 0.000000000 0.000000000 0.000000000
[46] 0.000000000 0.000000000 0.000000000 0.000000000 0.000000000
[51] 0.000000000 0.000000000 0.000000000 0.000000000

[[1]]$`Est. Max. Full`
 [1] 0.009444903 0.203570276 0.041179020 0.041321167 0.353404717
 [6] 0.042277759 0.273275664 0.042365459 0.030127286 0.000000000
[11] 0.177981748 0.036780574 0.243545905 0.030553420 0.052864577
[16] 0.070732241 0.051250198 0.007857018 0.038143842 0.000000000
[21] 0.000000000 0.002080922 0.026753398 0.070435530 0.045176990
[26] 0.045921373 0.030425878 0.000000000 0.016821340 0.018405018
[31] 0.001171451 0.090066128 0.098282734 0.010078151 0.026324184
[36] 0.005174920 0.013911573 0.052763832 0.030775142 0.042115349
[41] 0.032293972 0.060783682 0.013123770 0.011331870 0.011581892
[46] 0.022971528 0.010089839 0.012917072 0.023052607 0.008771718
[51] 0.008169532 0.000000000 0.000000000 0.000000000

[[1]]$`Est. Bias Full`
 [1] -3.745991e-03 -3.012070e-02  4.732869e-03  4.612046e-03
 [5] -2.413728e-02  1.077123e-02 -2.859322e-02  1.005890e-02
 [9]  3.405706e-03  0.000000e+00 -3.698107e-02  3.246752e-03
[13] -5.293778e-02  2.182387e-03  7.179355e-03  8.639179e-03
[17]  4.655472e-03  9.634380e-04  3.799354e-03  0.000000e+00
[21]  0.000000e+00  2.612396e-04  2.572194e-03  5.031109e-03
[25]  6.139014e-03  3.929253e-03  4.176348e-03  0.000000e+00
[29]  1.201524e-03  2.981079e-03  8.367509e-05  1.328926e-02
[33]  8.938037e-03  7.198679e-04  2.625158e-03  6.173079e-04
[37]  9.936838e-04  6.101422e-03  2.198224e-03  3.148985e-03
[41]  4.342898e-03  7.329011e-03  9.374121e-04  1.679631e-03
[45]  1.094429e-03  3.841931e-03  8.859201e-04  9.226480e-04
[49]  5.228096e-03  1.404587e-03  7.777272e-04  0.000000e+00
[53]  0.000000e+00  0.000000e+00

[[1]]$`Est. ESD Full`
 [1] 0.0046637600 0.0654390927 0.0115650339 0.0116870331
 [5] 0.0548089145 0.0183552279 0.0718311845 0.0173808649
 [9] 0.0090366054 0.0000000000 0.0559201319 0.0100604593
[13] 0.0863834607 0.0081657450 0.0157080905 0.0228304709
[17] 0.0141938813 0.0023585580 0.0107206505 0.0000000000
[21] 0.0000000000 0.0006977195 0.0073610747 0.0188246873
[25] 0.0148027763 0.0124786128 0.0097532480 0.0000000000
[29] 0.0044956921 0.0070013776 0.0003130835 0.0276165411
[33] 0.0266311824 0.0026934992 0.0073722524 0.0016648164
[37] 0.0037180243 0.0165840745 0.0082250026 0.0112681133
[41] 0.0103146804 0.0181657645 0.0035074750 0.0040015330
[45] 0.0031989410 0.0078660831 0.0027665737 0.0034522327
[49] 0.0095428027 0.0031799113 0.0023011224 0.0000000000
[53] 0.0000000000 0.0000000000

[[1]]$`Est. propo Full`
 [1] 0.92857143 1.00000000 0.35714286 0.28571429 1.00000000
 [6] 0.42857143 1.00000000 0.42857143 0.21428571 0.00000000
[11] 1.00000000 0.21428571 1.00000000 0.07142857 0.35714286
[16] 0.21428571 0.14285714 0.21428571 0.21428571 0.00000000
[21] 0.00000000 0.14285714 0.21428571 0.07142857 0.21428571
[26] 0.21428571 0.21428571 0.00000000 0.07142857 0.21428571
[31] 0.07142857 0.42857143 0.28571429 0.07142857 0.21428571
[36] 0.14285714 0.07142857 0.14285714 0.07142857 0.14285714
[41] 0.21428571 0.21428571 0.07142857 0.21428571 0.21428571
[46] 0.35714286 0.14285714 0.07142857 0.35714286 0.21428571
[51] 0.14285714 0.00000000 0.00000000 0.00000000

[[1]][[21]]
[1] "#### RESULT: ADAPTIVE LASSO ####"

[[1]][[22]]
[1] "## COUNT NON-ZERO FOR ADAPTIVE LASSO ##"

[[1]]$Minimum
[1] 0

[[1]]$Maximum
[1] 12

[[1]]$Average
[1] 5

[[1]]$Mode
[1] 6

[[1]]$Bias
[1] 51.64286

[[1]]$ESD
[1] 19.1031

[[1]]$`Pick All Relevant`
pickAllSigadaplasso
  0   1 
373 627 

[[1]]$`Is Correct model??`
isTRUEinadaplasso
  0   1 
543 457 

[[1]][[31]]
[1] "## PARAMETER ESTIMATES: ADAPTIVE LASSO ##"

[[1]]$`Est. Avg. A.LASSO`
 [1] 0.0214544249 0.0842568610 0.0000000000 0.0005903083
 [5] 0.2407047264 0.0000000000 0.1284884928 0.0000000000
 [9] 0.0000000000 0.0000000000 0.0732483079 0.0000000000
[13] 0.1022275849 0.0000000000 0.0012421480 0.0040153484
[17] 0.0000000000 0.0000000000 0.0000000000 0.0000000000
[21] 0.0000000000 0.0000000000 0.0000000000 0.0000000000
[25] 0.0000000000 0.0000000000 0.0000000000 0.0000000000
[29] 0.0000000000 0.0000000000 0.0000000000 0.0036199265
[33] 0.0000000000 0.0000000000 0.0000000000 0.0000000000
[37] 0.0000000000 0.0010993225 0.0000000000 0.0000000000
[41] 0.0000000000 0.0005220252 0.0000000000 0.0000000000
[45] 0.0000000000 0.0000000000 0.0000000000 0.0000000000
[49] 0.0000000000 0.0000000000 0.0000000000 0.0000000000
[53] 0.0000000000 0.0000000000

[[1]]$`Est. Min. A.LASSO`
 [1] 0.007405975 0.000000000 0.000000000 0.000000000 0.152567251
 [6] 0.000000000 0.000000000 0.000000000 0.000000000 0.000000000
[11] 0.000000000 0.000000000 0.000000000 0.000000000 0.000000000
[16] 0.000000000 0.000000000 0.000000000 0.000000000 0.000000000
[21] 0.000000000 0.000000000 0.000000000 0.000000000 0.000000000
[26] 0.000000000 0.000000000 0.000000000 0.000000000 0.000000000
[31] 0.000000000 0.000000000 0.000000000 0.000000000 0.000000000
[36] 0.000000000 0.000000000 0.000000000 0.000000000 0.000000000
[41] 0.000000000 0.000000000 0.000000000 0.000000000 0.000000000
[46] 0.000000000 0.000000000 0.000000000 0.000000000 0.000000000
[51] 0.000000000 0.000000000 0.000000000 0.000000000

[[1]]$`Est. Med. A.LASSO`
 [1] 0.02109339 0.09265263 0.00000000 0.00000000 0.25245391
 [6] 0.00000000 0.12647182 0.00000000 0.00000000 0.00000000
[11] 0.05617091 0.00000000 0.13323329 0.00000000 0.00000000
[16] 0.00000000 0.00000000 0.00000000 0.00000000 0.00000000
[21] 0.00000000 0.00000000 0.00000000 0.00000000 0.00000000
[26] 0.00000000 0.00000000 0.00000000 0.00000000 0.00000000
[31] 0.00000000 0.00000000 0.00000000 0.00000000 0.00000000
[36] 0.00000000 0.00000000 0.00000000 0.00000000 0.00000000
[41] 0.00000000 0.00000000 0.00000000 0.00000000 0.00000000
[46] 0.00000000 0.00000000 0.00000000 0.00000000 0.00000000
[51] 0.00000000 0.00000000 0.00000000 0.00000000

[[1]]$`Est. Max. A.LASSO`
 [1] 0.041711113 0.205532538 0.000000000 0.008264317 0.366459249
 [6] 0.000000000 0.275792603 0.000000000 0.000000000 0.000000000
[11] 0.220093550 0.000000000 0.223244741 0.000000000 0.017390072
[16] 0.036363169 0.000000000 0.000000000 0.000000000 0.000000000
[21] 0.000000000 0.000000000 0.000000000 0.000000000 0.000000000
[26] 0.000000000 0.000000000 0.000000000 0.000000000 0.000000000
[31] 0.000000000 0.050678972 0.000000000 0.000000000 0.000000000
[36] 0.000000000 0.000000000 0.015390515 0.000000000 0.000000000
[41] 0.000000000 0.007308353 0.000000000 0.000000000 0.000000000
[46] 0.000000000 0.000000000 0.000000000 0.000000000 0.000000000
[51] 0.000000000 0.000000000 0.000000000 0.000000000

[[1]]$`Est. Bias A.LASSO`
 [1]  0.0121687106 -0.0550288533  0.0000000000  0.0005903083
 [5] -0.0378667022  0.0000000000 -0.0572257929  0.0000000000
 [9]  0.0000000000  0.0000000000 -0.0660374064  0.0000000000
[13] -0.0742009865  0.0000000000  0.0012421480  0.0040153484
[17]  0.0000000000  0.0000000000  0.0000000000  0.0000000000
[21]  0.0000000000  0.0000000000  0.0000000000  0.0000000000
[25]  0.0000000000  0.0000000000  0.0000000000  0.0000000000
[29]  0.0000000000  0.0000000000  0.0000000000  0.0036199265
[33]  0.0000000000  0.0000000000  0.0000000000  0.0000000000
[37]  0.0000000000  0.0010993225  0.0000000000  0.0000000000
[41]  0.0000000000  0.0005220252  0.0000000000  0.0000000000
[45]  0.0000000000  0.0000000000  0.0000000000  0.0000000000
[49]  0.0000000000  0.0000000000  0.0000000000  0.0000000000
[53]  0.0000000000  0.0000000000

[[1]]$`Est. ESD A.LASSO`
 [1] 0.015999941 0.084788926 0.000000000 0.002208732 0.071540599
 [6] 0.000000000 0.101518241 0.000000000 0.000000000 0.000000000
[11] 0.094666618 0.000000000 0.107950659 0.000000000 0.004647692
[16] 0.011072393 0.000000000 0.000000000 0.000000000 0.000000000
[21] 0.000000000 0.000000000 0.000000000 0.000000000 0.000000000
[26] 0.000000000 0.000000000 0.000000000 0.000000000 0.000000000
[31] 0.000000000 0.013544525 0.000000000 0.000000000 0.000000000
[36] 0.000000000 0.000000000 0.004113288 0.000000000 0.000000000
[41] 0.000000000 0.001953239 0.000000000 0.000000000 0.000000000
[46] 0.000000000 0.000000000 0.000000000 0.000000000 0.000000000
[51] 0.000000000 0.000000000 0.000000000 0.000000000

[[1]]$`Est. propo A.LASSO`
 [1] 0.92857143 0.71428571 0.00000000 0.07142857 0.92857143
 [6] 0.00000000 0.85714286 0.00000000 0.00000000 0.00000000
[11] 0.71428571 0.00000000 0.71428571 0.00000000 0.07142857
[16] 0.14285714 0.00000000 0.00000000 0.00000000 0.00000000
[21] 0.00000000 0.00000000 0.00000000 0.00000000 0.00000000
[26] 0.00000000 0.00000000 0.00000000 0.00000000 0.00000000
[31] 0.00000000 0.07142857 0.00000000 0.00000000 0.00000000
[36] 0.00000000 0.00000000 0.07142857 0.00000000 0.00000000
[41] 0.00000000 0.07142857 0.00000000 0.00000000 0.00000000
[46] 0.00000000 0.00000000 0.00000000 0.00000000 0.00000000
[51] 0.00000000 0.00000000 0.00000000 0.00000000


