n=
1200
Replication=
1000
[[1]]
[[1]][[1]]
[1] "#### TIME TO FINISH SIMULATION STUDY ####"

[[1]]$`Simulation time`
Time difference of 14.85577 days

[[1]][[3]]
[1] "#### RESULT: FULL QMLE ####"

[[1]][[4]]
[1] "## COUNT NON-ZERO FOR FULL QMLE ##"

[[1]]$Minimum
[1] 7

[[1]]$Maximum
[1] 23

[[1]]$Average
[1] 14

[[1]]$Mode
[1] 15

[[1]]$Bias
[1] -53.58667

[[1]]$ESD
[1] 21.88089

[[1]]$`Pick All Relevant`
pickAllSigfull
  0   1 
  2 998 

[[1]]$`Is Correct model??`
isTRUEinfull
   0 
1000 

[[1]][[13]]
[1] "## PARAMETER ESTIMATES: FULL QMLE ##"

[[1]]$`Est. Avg. Full`
 [1] 0.0070804392 0.1342300364 0.0042667204 0.0035033052 0.2860924913 0.0033268443
 [7] 0.1872917358 0.0024647799 0.0036969116 0.0019662380 0.1361360779 0.0049341644
[13] 0.1747224539 0.0024342805 0.0028092201 0.0013641103 0.0054872038 0.0019922165
[19] 0.0027911941 0.0012643876 0.0020632806 0.0013624466 0.0026766044 0.0008999814
[25] 0.0014190888 0.0011501878 0.0026242837 0.0008883731 0.0015309031 0.0011550595
[31] 0.0017053537 0.0012386455 0.0015539122 0.0007315336 0.0009364955 0.0010689490
[37] 0.0011453001 0.0003120824 0.0010057521 0.0008398486 0.0009087254 0.0010360171
[43] 0.0014729614 0.0010591387 0.0012038403 0.0014659509 0.0011471817 0.0014204891
[49] 0.0011813542 0.0006425555 0.0007380348

[[1]]$`Est. Min. Full`
 [1] 0.000236242 0.062487924 0.000000000 0.000000000 0.142446952 0.000000000 0.101065871
 [8] 0.000000000 0.000000000 0.000000000 0.041063075 0.000000000 0.054646806 0.000000000
[15] 0.000000000 0.000000000 0.000000000 0.000000000 0.000000000 0.000000000 0.000000000
[22] 0.000000000 0.000000000 0.000000000 0.000000000 0.000000000 0.000000000 0.000000000
[29] 0.000000000 0.000000000 0.000000000 0.000000000 0.000000000 0.000000000 0.000000000
[36] 0.000000000 0.000000000 0.000000000 0.000000000 0.000000000 0.000000000 0.000000000
[43] 0.000000000 0.000000000 0.000000000 0.000000000 0.000000000 0.000000000 0.000000000
[50] 0.000000000 0.000000000

[[1]]$`Est. Med. Full`
 [1] 0.006973788 0.131945267 0.000000000 0.000000000 0.286987138 0.000000000 0.186693499
 [8] 0.000000000 0.000000000 0.000000000 0.135033965 0.000000000 0.177508019 0.000000000
[15] 0.000000000 0.000000000 0.000000000 0.000000000 0.000000000 0.000000000 0.000000000
[22] 0.000000000 0.000000000 0.000000000 0.000000000 0.000000000 0.000000000 0.000000000
[29] 0.000000000 0.000000000 0.000000000 0.000000000 0.000000000 0.000000000 0.000000000
[36] 0.000000000 0.000000000 0.000000000 0.000000000 0.000000000 0.000000000 0.000000000
[43] 0.000000000 0.000000000 0.000000000 0.000000000 0.000000000 0.000000000 0.000000000
[50] 0.000000000 0.000000000

[[1]]$`Est. Max. Full`
 [1] 0.01324579 0.24925236 0.05363453 0.04946213 0.41255034 0.04336015 0.33468078 0.02735430
 [9] 0.05609025 0.02951287 0.26169959 0.05295735 0.28228885 0.03527642 0.02988939 0.04258056
[17] 0.08092274 0.02870830 0.04016245 0.02539414 0.04723813 0.02890880 0.02874912 0.02393140
[25] 0.02064325 0.03377102 0.05463707 0.01782470 0.03665296 0.01877969 0.03653885 0.01577658
[33] 0.03730022 0.02585167 0.02498220 0.03680776 0.02561267 0.03361483 0.02646465 0.03611502
[41] 0.02239850 0.03558974 0.03032767 0.01990539 0.03087609 0.02722993 0.02152338 0.03065623
[49] 0.02851557 0.01541732 0.01428642

[[1]]$`Est. Bias Full`
 [1] -0.0029195608 -0.0157699636  0.0042667204  0.0035033052 -0.0139075087  0.0033268443
 [7] -0.0127082642  0.0024647799  0.0036969116  0.0019662380 -0.0138639221  0.0049341644
[13] -0.0152775461  0.0024342805  0.0028092201  0.0013641103  0.0054872038  0.0019922165
[19]  0.0027911941  0.0012643876  0.0020632806  0.0013624466  0.0026766044  0.0008999814
[25]  0.0014190888  0.0011501878  0.0026242837  0.0008883731  0.0015309031  0.0011550595
[31]  0.0017053537  0.0012386455  0.0015539122  0.0007315336  0.0009364955  0.0010689490
[37]  0.0011453001  0.0003120824  0.0010057521  0.0008398486  0.0009087254  0.0010360171
[43]  0.0014729614  0.0010591387  0.0012038403  0.0014659509  0.0011471817  0.0014204891
[49]  0.0011813542  0.0006425555  0.0007380348

[[1]]$`Est. ESD Full`
 [1] 0.003905752 0.036851308 0.010773577 0.008737398 0.048636852 0.008718398 0.047174913
 [8] 0.006435851 0.009504052 0.005913331 0.041163308 0.011854367 0.040932918 0.006933524
[15] 0.007250193 0.005151046 0.013797339 0.005728802 0.008249813 0.004423669 0.007081325
[22] 0.004552443 0.006665000 0.004000292 0.004404620 0.004025855 0.008081218 0.003384686
[29] 0.005297612 0.003639446 0.005958841 0.003624172 0.005730251 0.002944264 0.003481241
[36] 0.004118981 0.004065246 0.002793703 0.003390196 0.003607509 0.003181713 0.004160703
[43] 0.005130073 0.003305426 0.004752538 0.004483201 0.003656654 0.004783808 0.004138036
[50] 0.002401291 0.002185633

[[1]]$`Est. propo Full`
 [1] 1.00000000 1.00000000 0.27333333 0.27333333 1.00000000 0.26000000 1.00000000 0.21333333
 [9] 0.26666667 0.19333333 1.00000000 0.28666667 1.00000000 0.22000000 0.20666667 0.13333333
[17] 0.31333333 0.18000000 0.20666667 0.12666667 0.17333333 0.14666667 0.21333333 0.09333333
[25] 0.17333333 0.16000000 0.20666667 0.12000000 0.20000000 0.16000000 0.14666667 0.18000000
[33] 0.12666667 0.12000000 0.13333333 0.14666667 0.14666667 0.04000000 0.14000000 0.13333333
[41] 0.14000000 0.10666667 0.18666667 0.18666667 0.10666667 0.21333333 0.17333333 0.20000000
[49] 0.16000000 0.12666667 0.19333333

[[1]][[21]]
[1] "#### RESULT: ADAPTIVE LASSO ####"

[[1]][[22]]
[1] "## COUNT NON-ZERO FOR ADAPTIVE LASSO ##"

[[1]]$Minimum
[1] 0

[[1]]$Maximum
[1] 8

[[1]]$Average
[1] 6

[[1]]$Mode
[1] 6

[[1]]$Bias
[1] -0.7066667

[[1]]$ESD
[1] 1.243651

[[1]]$`Pick All Relevant`
pickAllSigadaplasso
  0   1 
 18 982 

[[1]]$`Is Correct model??`
isTRUEinadaplasso
  0   1 
134 866 

[[1]][[31]]
[1] "## PARAMETER ESTIMATES: ADAPTIVE LASSO ##"

[[1]]$`Est. Avg. A.LASSO`
 [1] 1.317958e-02 1.233294e-01 3.944304e-04 2.520074e-04 2.843132e-01 0.000000e+00
 [7] 1.779185e-01 0.000000e+00 2.267809e-04 0.000000e+00 1.215585e-01 5.248807e-04
[13] 1.683024e-01 0.000000e+00 0.000000e+00 2.059178e-05 7.941536e-04 0.000000e+00
[19] 0.000000e+00 0.000000e+00 2.242728e-04 0.000000e+00 0.000000e+00 2.288145e-05
[25] 3.844845e-05 0.000000e+00 1.824529e-04 0.000000e+00 0.000000e+00 0.000000e+00
[31] 1.289221e-04 0.000000e+00 1.528760e-04 4.338453e-05 0.000000e+00 0.000000e+00
[37] 0.000000e+00 0.000000e+00 0.000000e+00 0.000000e+00 0.000000e+00 0.000000e+00
[43] 1.130983e-04 0.000000e+00 0.000000e+00 0.000000e+00 0.000000e+00 1.298839e-04
[49] 5.379882e-05 0.000000e+00 0.000000e+00

[[1]]$`Est. Min. A.LASSO`
 [1] 0.003383401 0.041064938 0.000000000 0.000000000 0.126464607 0.000000000 0.073796230
 [8] 0.000000000 0.000000000 0.000000000 0.000000000 0.000000000 0.035871985 0.000000000
[15] 0.000000000 0.000000000 0.000000000 0.000000000 0.000000000 0.000000000 0.000000000
[22] 0.000000000 0.000000000 0.000000000 0.000000000 0.000000000 0.000000000 0.000000000
[29] 0.000000000 0.000000000 0.000000000 0.000000000 0.000000000 0.000000000 0.000000000
[36] 0.000000000 0.000000000 0.000000000 0.000000000 0.000000000 0.000000000 0.000000000
[43] 0.000000000 0.000000000 0.000000000 0.000000000 0.000000000 0.000000000 0.000000000
[50] 0.000000000 0.000000000

[[1]]$`Est. Med. A.LASSO`
 [1] 0.0128539 0.1267529 0.0000000 0.0000000 0.2887267 0.0000000 0.1750489 0.0000000
 [9] 0.0000000 0.0000000 0.1207797 0.0000000 0.1741503 0.0000000 0.0000000 0.0000000
[17] 0.0000000 0.0000000 0.0000000 0.0000000 0.0000000 0.0000000 0.0000000 0.0000000
[25] 0.0000000 0.0000000 0.0000000 0.0000000 0.0000000 0.0000000 0.0000000 0.0000000
[33] 0.0000000 0.0000000 0.0000000 0.0000000 0.0000000 0.0000000 0.0000000 0.0000000
[41] 0.0000000 0.0000000 0.0000000 0.0000000 0.0000000 0.0000000 0.0000000 0.0000000
[49] 0.0000000 0.0000000 0.0000000

[[1]]$`Est. Max. A.LASSO`
 [1] 0.028840812 0.244127279 0.035842063 0.037801112 0.424915535 0.000000000 0.339303357
 [8] 0.000000000 0.034017129 0.000000000 0.256764867 0.039776031 0.274894466 0.000000000
[15] 0.000000000 0.003088767 0.074869490 0.000000000 0.000000000 0.000000000 0.021210925
[22] 0.000000000 0.000000000 0.003432218 0.005767267 0.000000000 0.015182411 0.000000000
[29] 0.000000000 0.000000000 0.019338322 0.000000000 0.022931407 0.006507679 0.000000000
[36] 0.000000000 0.000000000 0.000000000 0.000000000 0.000000000 0.000000000 0.000000000
[43] 0.016964744 0.000000000 0.000000000 0.000000000 0.000000000 0.019482588 0.008069823
[50] 0.000000000 0.000000000

[[1]]$`Est. Bias A.LASSO`
 [1]  3.246248e-03 -2.567061e-02  3.944304e-04  2.520074e-04 -1.368683e-02  0.000000e+00
 [7] -2.074821e-02  0.000000e+00  2.267809e-04  0.000000e+00 -2.744147e-02  5.248807e-04
[13] -2.043094e-02  0.000000e+00  0.000000e+00  2.059178e-05  7.941536e-04  0.000000e+00
[19]  0.000000e+00  0.000000e+00  2.242728e-04  0.000000e+00  0.000000e+00  2.288145e-05
[25]  3.844845e-05  0.000000e+00  1.824529e-04  0.000000e+00  0.000000e+00  0.000000e+00
[31]  1.289221e-04  0.000000e+00  1.528760e-04  4.338453e-05  0.000000e+00  0.000000e+00
[37]  0.000000e+00  0.000000e+00  0.000000e+00  0.000000e+00  0.000000e+00  0.000000e+00
[43]  1.130983e-04  0.000000e+00  0.000000e+00  0.000000e+00  0.000000e+00  1.298839e-04
[49]  5.379882e-05  0.000000e+00  0.000000e+00

[[1]]$`Est. ESD A.LASSO`
 [1] 0.0050766268 0.0443799791 0.0034915064 0.0030864478 0.0516593791 0.0000000000
 [7] 0.0536093210 0.0000000000 0.0027774869 0.0000000000 0.0528481983 0.0039513365
[13] 0.0474178568 0.0000000000 0.0000000000 0.0002521967 0.0066881368 0.0000000000
[19] 0.0000000000 0.0000000000 0.0020073335 0.0000000000 0.0000000000 0.0002802394
[25] 0.0004708954 0.0000000000 0.0015895333 0.0000000000 0.0000000000 0.0000000000
[31] 0.0015789673 0.0000000000 0.0018723415 0.0005313498 0.0000000000 0.0000000000
[37] 0.0000000000 0.0000000000 0.0000000000 0.0000000000 0.0000000000 0.0000000000
[43] 0.0013851655 0.0000000000 0.0000000000 0.0000000000 0.0000000000 0.0015907466
[49] 0.0006588983 0.0000000000 0.0000000000

[[1]]$`Est. propo A.LASSO`
 [1] 0.993333333 0.993333333 0.013333333 0.006666667 0.993333333 0.000000000 0.993333333
 [8] 0.000000000 0.006666667 0.000000000 0.980000000 0.020000000 0.993333333 0.000000000
[15] 0.000000000 0.006666667 0.020000000 0.000000000 0.000000000 0.000000000 0.013333333
[22] 0.000000000 0.000000000 0.006666667 0.006666667 0.000000000 0.013333333 0.000000000
[29] 0.000000000 0.000000000 0.006666667 0.000000000 0.006666667 0.006666667 0.000000000
[36] 0.000000000 0.000000000 0.000000000 0.000000000 0.000000000 0.000000000 0.000000000
[43] 0.006666667 0.000000000 0.000000000 0.000000000 0.000000000 0.006666667 0.006666667
[50] 0.000000000 0.000000000


