n=
1200
Replication=
1000
[[1]]
[[1]][[1]]
[1] "#### TIME TO FINISH SIMULATION STUDY ####"

[[1]]$`Simulation time`
Time difference of 3.014379 days

[[1]][[3]]
[1] "#### RESULT: FULL QMLE ####"

[[1]][[4]]
[1] "## COUNT NON-ZERO FOR FULL QMLE ##"

[[1]]$Minimum
[1] 6

[[1]]$Maximum
[1] 13

[[1]]$Average
[1] 8

[[1]]$Mode
[1] 9

[[1]]$Bias
[1] -2.393

[[1]]$ESD
[1] 2.705365

[[1]]$`Pick All Relevant`
pickAllSigfull
   1 
1000 

[[1]]$`Is Correct model??`
isTRUEinfull
  0   1 
945  55 

[[1]][[13]]
[1] "## PARAMETER ESTIMATES: FULL QMLE ##"

[[1]]$`Est. Avg. Full`
 [1] 0.009729927 0.141259135 0.007643027 0.003586386
 [5] 0.290362872 0.004939324 0.193337237 0.004149641
 [9] 0.005606701 0.003546270 0.142660570 0.004285338
[13] 0.178960195

[[1]]$`Est. Min. Full`
 [1] 0.004184787 0.045066292 0.000000000 0.000000000
 [5] 0.142807257 0.000000000 0.060504570 0.000000000
 [9] 0.000000000 0.000000000 0.038351047 0.000000000
[13] 0.030063901

[[1]]$`Est. Med. Full`
 [1] 0.009508616 0.139306013 0.000000000 0.000000000
 [5] 0.289190786 0.000000000 0.193485147 0.000000000
 [9] 0.000000000 0.000000000 0.142088855 0.000000000
[13] 0.178750186

[[1]]$`Est. Max. Full`
 [1] 0.02020548 0.24180767 0.06896948 0.06626400 0.42654162
 [6] 0.06611183 0.31470311 0.07960578 0.07566207 0.08895773
[11] 0.28243214 0.06342006 0.29492545

[[1]]$`Est. Bias Full`
 [1] -0.000270073 -0.008740865  0.007643027  0.003586386
 [5] -0.009637128  0.004939324 -0.006662763  0.004149641
 [9]  0.005606701  0.003546270 -0.007339430  0.004285338
[13] -0.011039805

[[1]]$`Est. ESD Full`
 [1] 0.002378694 0.030990000 0.015507615 0.008723871
 [5] 0.044739918 0.011302805 0.041219737 0.010228281
 [9] 0.012486607 0.008985596 0.037540921 0.009735653
[13] 0.039745131

[[1]]$`Est. propo Full`
 [1] 1.000 1.000 0.426 0.314 1.000 0.337 1.000 0.326 0.342
[10] 0.303 1.000 0.345 1.000

[[1]][[21]]
[1] "#### RESULT: ADAPTIVE LASSO ####"

[[1]][[22]]
[1] "## COUNT NON-ZERO FOR ADAPTIVE LASSO ##"

[[1]]$Minimum
[1] 5

[[1]]$Maximum
[1] 9

[[1]]$Average
[1] 6

[[1]]$Mode
[1] 6

[[1]]$Bias
[1] -0.056

[[1]]$ESD
[1] 0.303315

[[1]]$`Pick All Relevant`
pickAllSigadaplasso
  0   1 
 10 990 

[[1]]$`Is Correct model??`
isTRUEinadaplasso
  0   1 
 70 930 

[[1]][[31]]
[1] "## PARAMETER ESTIMATES: ADAPTIVE LASSO ##"

[[1]]$`Est. Avg. A.LASSO`
 [1] 0.0128683820 0.1318064361 0.0003701621 0.0002201176
 [5] 0.2866123238 0.0003109032 0.1847877962 0.0002756174
 [9] 0.0002638972 0.0002478583 0.1268821691 0.0001728458
[13] 0.1690743188

[[1]]$`Est. Min. A.LASSO`
 [1] 0.00552388 0.02061241 0.00000000 0.00000000 0.13653758
 [6] 0.00000000 0.04895718 0.00000000 0.00000000 0.00000000
[11] 0.00000000 0.00000000 0.00000000

[[1]]$`Est. Med. A.LASSO`
 [1] 0.0123061 0.1308375 0.0000000 0.0000000 0.2856197
 [6] 0.0000000 0.1848421 0.0000000 0.0000000 0.0000000
[11] 0.1257480 0.0000000 0.1692164

[[1]]$`Est. Max. A.LASSO`
 [1] 0.02938371 0.24894284 0.05603724 0.05749606 0.44076338
 [6] 0.05252484 0.31595899 0.06161717 0.05643767 0.06833509
[11] 0.28201360 0.03800229 0.30240019

[[1]]$`Est. Bias A.LASSO`
 [1]  0.0028683820 -0.0181935639  0.0003701621  0.0002201176
 [5] -0.0133876762  0.0003109032 -0.0152122038  0.0002756174
 [9]  0.0002638972  0.0002478583 -0.0231178309  0.0001728458
[13] -0.0209256812

[[1]]$`Est. ESD A.LASSO`
 [1] 0.004453215 0.037069655 0.003995259 0.002874961
 [5] 0.048121833 0.003108540 0.046840256 0.003457988
 [9] 0.003273727 0.003406667 0.047777965 0.002226574
[13] 0.046507166

[[1]]$`Est. propo A.LASSO`
 [1] 1.000 1.000 0.011 0.008 1.000 0.013 1.000 0.009 0.009
[10] 0.009 0.992 0.007 0.998


